94.19817
87.05612
92.62333
82.74741
88.15919
94.19959
79.408455
83.09489
90.78819
82.210754
87.14039
66.88009
72.45523
92.19288
75.48494
85.65949
67.81149
77.78387
81.10974
86.36112
93.77242
83.55058
86.36982
91.12241
74.139534
92.30347
83.507805
84.112724
85.62198
86.27964
90.31717
69.6346
87.091446
74.17327
81.91713
99.30726
76.56371
81.96783
84.376335
74.63354
90.42091
69.26188
79.93613
83.29204
82.44443
83.77214
67.773094
82.370476
67.315735
82.89097
95.796646
87.07558
88.0842
86.43315
95.94253
75.25728
76.446815
85.92372
75.70966
89.34427
85.28461
66.98812
77.67555
67.08616
85.2253
87.58392
86.80334
90.22037
86.055565
86.386635
76.027016
85.05661
67.53689
82.68027
76.20909
85.89858
83.55301
77.99129
88.990654
75.01814
96.83286
81.46383
82.27264
72.21638
90.76405
83.43266
80.29777
79.20145
82.55225
59.25319
79.41756
87.68947
79.42326
90.69876
77.08693
70.80809
89.05545
76.960396
79.05831
70.5993
77.75055
97.12739
76.13339
84.03816
72.433334
89.52409
77.32884
81.46175
90.58365
62.45337
77.06988
78.48389
92.85978
81.18762
80.979164
76.21705
71.71057
80.59394
80.456116
80.8691
87.06622
78.32424
75.09465
70.71107
87.19026
69.765366
80.08635
73.74294
89.26852
73.542915
78.78905
86.542946
94.03269
94.7754
90.248276
66.55926
75.99785
82.274506
89.96115
78.32283
89.65351
82.9632
86.84734
80.67503
86.04105
75.71319
79.319115
80.94723
76.2191
81.416855
83.554855
83.642845
82.44252
75.60305
72.47702
80.61374
75.1925
80.680725
100.18819
99.76397
83.579834
83.40381
90.07385
76.04458
81.20262
86.95154
94.95931
84.728714
83.61228
78.04663
72.96972
81.54352
90.77161
95.08807
68.415695
75.588
83.066536
85.07799
93.964195
79.22867
91.16636
82.47301
77.81723
97.001564
78.439255
86.557
65.99925
79.11815
85.21777
87.930336
91.32531
78.67019
89.857735
70.64867
80.50681
74.84799
71.2144
84.88008
79.39666
80.833664
79.6512
80.537346
85.05157
91.366035
70.58584
73.28781
77.02175
81.90283
84.94752
71.267044
85.503334
78.344345
80.21464
93.53274
71.78486
86.9237
63.9317
74.337425
83.456276
82.923584
89.82801
92.56679
90.51107
80.553116
81.506775
71.77622
86.9231
67.17067
81.87972
75.537926
80.92839
84.31218
86.480225
87.33228
84.831184
89.05112
73.395515
84.33722
83.65615
75.07168
78.9201
78.24048
78.76316
84.10355
84.23498
94.199234
82.087845
71.453606
85.62798
95.47876
80.537895
67.40223
95.188095
82.73818
88.62797
92.81105
75.207085
97.70602
76.81662
73.99096
77.97616
79.60644
73.87274
80.75486
92.48962
78.95765
74.78509
88.75992
74.92277
89.22156
82.85338
94.848404
78.18655
90.49154
91.0442
85.7493
93.70562
65.103264
85.5622
75.219376
92.5024
73.872894
80.8373
76.80722
84.80702
82.029564
98.77933
93.820305
90.36627
91.520874
94.07757
83.48043
73.90823
95.69165
73.168945
92.052826
92.15747
72.14418
69.16757
87.27571
79.423386
71.428604
79.81378
91.488785
96.224205
77.027016
85.26782
82.13877
78.15809
70.692085
95.50525
90.58571
76.72786
97.33097
89.048294
87.680275
71.77604
96.566475
70.8905
83.75377
91.39011
81.70229
72.772484
85.79751
72.2594
77.94889
81.46944
75.62986
94.62072
93.66195
79.79048
86.76995
66.00195
89.60254
82.5571
91.11639
83.11561
76.86762
90.710236
71.30249
91.4029
75.7903
87.22802
92.92999
83.13131
88.05299
80.85808
86.53897
90.91533
90.893715
85.7886
74.84487
78.00899
72.168625
84.50261
92.522606
89.04595
69.45406
86.122574
87.687706
80.36043
97.144196
90.566284
79.65469
72.22448
87.98041
86.095375
81.78569
87.387215
85.0883
85.578316
83.900856
81.419945
78.5241
79.20234
76.530365
89.44425
90.15585
76.88027
90.56453
79.85662
88.29773
75.41739
77.52241
85.48737
85.07115
80.20133
84.77102
80.242165
81.81465
68.13802
86.59239
91.088196
92.58878
79.88752
83.80351
80.5704
82.23124
89.45094
80.37094
91.01144
71.44732
88.89628
82.11604
88.12719
80.93663
76.11465
87.479126
92.17063
79.632484
67.852974
95.738235
86.32596
87.115166
74.82082
78.149216
82.656624
70.32559
87.00077
82.3113
73.03109
84.44995
82.98409
76.731255
84.46639
75.4986
85.17553
74.72911
79.579796
84.96452
71.1742
83.62223
87.151955
88.22179
69.58063
77.44105
83.54222
86.99938
80.16141
100.6257
79.8529
82.169876
82.37451
96.96514
76.50801
88.80163
90.20994
76.75495
96.25065
78.64186
88.9117
77.45106
89.935135
77.24816
76.03324
78.91108
98.471664
94.50337
92.1649
88.31835
86.02263
89.75155
77.44322
89.46645
73.09257
93.266136
90.490395
77.62325
64.59739
84.65543
76.95003
78.21518
98.67104
72.81366
87.173775
81.795845
88.28428
94.69454
82.38542
88.51221
79.77385
82.010796
87.784775
67.03777
80.73698
89.04888
81.37184
86.2752
72.4373
89.07934
78.62304
71.645874
82.79954
85.519966
95.101265
78.929436
68.7624
84.750175
83.59993
89.26682
86.94242
82.97003
74.16711
86.114685
64.08736
67.26464
90.81466
87.0996
75.52029
72.896614
82.35644
72.44177
86.46388
74.991325
81.72547
85.322296
88.02194
79.529366
78.489784
92.337524
82.33722
80.25937
89.195465
87.83735
84.80514
83.497055
79.01979
90.50067
87.706985
80.7926
75.75644
66.66235
77.61889
82.93245
91.27556
86.4103
81.83199
84.5826
70.11525
85.69654
90.91076
86.08621
74.02786
83.21505
87.928696
89.18708
82.700645
87.83699
78.20139
91.16401
85.82615
76.95639
86.22188
82.25374
83.60507
87.76615
86.765114
96.3111
82.22373
98.15243
71.34674
80.983086
86.88211
80.52835
81.95766
64.74226
82.98754
86.68882
84.66063
95.43746
109.93896
87.17777
77.616035
87.7297
88.18534
75.92576
73.97963
98.38744
100.57307
71.4986
92.53036
79.432915
88.51301
79.40488
82.127975
80.79482
79.7916
78.46073
75.456215
88.31861
76.206
76.055664
86.03413
81.744644
71.930885
86.73998
90.1567
91.582375
92.76857
76.40509
83.49829
82.811386
93.14169
81.584015
79.000984
82.03735
85.01573
71.36616
92.69685
79.45118
92.19236
77.27462
81.845474
98.08415
68.26715
68.59467
66.82546
90.41313
81.36803
62.290657
74.18075
83.29179
79.02683
79.24874
71.53852
86.373184
95.15846
78.96593
88.55653
67.826744
79.685585
87.742676
82.99348
79.621826
84.113686
81.20879
82.36334
87.4153
80.42578
73.60459
88.061455
71.43881
75.68938
88.08761
82.881615
78.24546
94.115456
79.582306
84.57231
101.40116
63.142727
86.830605
83.00616
80.75938
86.28845
78.203476
80.791046
87.91107
74.934395
80.41837
78.00172
81.20197
70.86522
90.75872
100.86049
87.75518
86.99367
79.82911
85.721375
84.86747
75.27782
89.82414
87.30825
82.023895
84.42584
71.87287
87.28387
92.225586
78.465775
67.77526
99.379654
69.10883
96.43016
80.546104
81.86829
92.02387
80.873604
74.45621
97.401855
71.49459
79.91084
84.9232
75.55147
86.502495
86.180534
86.30258
72.062775
81.22887
80.923386
84.79469
88.00115
78.51516
74.44294
77.72203
77.59089
83.00539
72.10905
79.54965
87.568535
90.16487
61.844944
76.515015
89.49498
97.8332
77.43451
78.79753
82.68179
92.269554
81.80084
86.57074
84.64118
92.63201
80.94031
85.715614
87.357346
77.56031
88.19988
76.48031
80.22302
88.5388
67.339485
80.34571
87.98563
76.35693
80.810326
79.95576
69.729195
92.108116
65.26625
65.61972
84.734505
86.60894
93.39121
81.23827
74.488266
95.708
77.154045
85.52011
82.01645
83.29924
69.84591
89.39148
64.73202
79.52704
69.21414
73.388115
81.011345
90.34001
62.327515
77.8404
83.42179
81.55824
80.81777
94.24646
80.88525
82.4373
89.40821
80.74015
84.288666
91.906136
74.546555
84.88672
88.30816
83.49689
98.162254
79.13393
81.08789
86.38997
96.95464
77.369415
97.75014
80.854195
81.94423
75.91298
97.044075
92.517075
73.18569
87.385086
82.15329
85.78047
79.551094
79.932625
77.78718
59.00808
83.19319
85.74371
78.735794
80.39168
86.64441
82.65198
76.44032
91.309654
76.28335
99.102585
95.71759
93.01136
76.582726
76.73299
67.928505
91.4988
83.30729
85.74218
84.0744
76.85001
72.498314
83.92623
78.659836
66.0235
83.02045
78.17122
82.72351
91.65595
83.37864
87.11986
74.5142
88.18906
76.092064
74.77679
82.45705
91.22992
77.36457
96.06323
92.65158
78.28597
77.07457
84.157074
76.43018
84.14969
75.53919
91.16663
82.796074
69.112915
63.15017
82.760994
82.40914
89.592354
83.336
79.25523
85.02089
70.20017
77.59725
92.745735
76.2223
66.32433
84.50977
89.89153
91.25716
71.20295
85.66685
76.57088
85.58998
80.08766
81.35742
83.054184
80.32878
69.83212
81.67006
66.21958
84.33015
90.188156
76.05834
84.6847
87.28789
84.284035
78.17648
70.165565
77.70291
78.8714
77.910774
82.08974
78.85932
89.17892
70.79187
86.98155
84.302574
81.26651
88.16907
85.45979
74.174
86.09215
89.850136
75.41669
86.674255
90.44515
67.44043
68.53475
88.66533
75.644905
83.21064
87.67113
87.9276
87.7866
87.904305
96.02204
89.962654
77.86856
80.210846
88.55645
99.642494
80.80749
84.57403
70.51898
77.684
73.942375
59.00255
82.56057
78.71384
76.19397
92.61143
74.497116
82.27314
68.550385
89.81056
76.712906
74.869675
82.69549
85.88812
82.10118
89.85429
78.06395
89.84403
74.5241
68.59069
76.28229
93.867775
88.65719
80.41417
77.16584
72.91489
87.63072
85.75825
90.115524
80.44871
87.41335
80.90267
86.2232
89.13085
89.738914
74.91899
82.04608
82.480095
76.5204
85.22286
84.20498
86.740105
85.150505
87.96077
87.13242
105.62612
72.33933
84.83045
91.006226
68.21824
64.88165
84.84588
70.424614
76.53317
88.27303
97.91149
93.58465
83.66943
77.09484
85.20622
91.06084
80.132126
85.31513
68.38151
81.437675
77.69288
84.20266
82.01672
93.88756
87.11051
87.83635
87.22643
89.748924
91.33065
86.161125
96.99383
87.29429
80.25131
96.39845
74.2069
77.463234
78.07816
71.24406
91.75084
58.7036
93.79397
100.468346
90.136894
93.5429
82.43878
75.92814
89.371796
70.22624
77.86153
85.35418
77.19614
89.962074
54.96718
87.35593
83.702934
88.70301
79.49814
86.358376
75.37731
87.63551
72.295395
91.23875
73.332634
90.202736
79.62158
87.66268
61.894047
87.153854
76.78381
70.71824
81.88659
83.27431
74.68369
81.80321
66.90463
82.35148
79.271164
92.07163
80.52474
91.42263
87.72928
95.791145
95.83189
92.75217
79.73549
78.771095
85.074295
87.7352
74.574844
79.89999
85.88986
83.54717
88.19789
87.91278
89.05742
87.17999
80.446365
88.42197
81.63942
98.31584
93.778755
91.3582
84.58554
101.38812
87.84837
82.14053
81.97313
78.75857
76.6268
78.42894
81.45162
72.40613
93.17329
90.755104
78.56741
91.804
95.13981
75.36686
82.19753
81.4418
80.698715
83.83179
85.50955
79.6153
101.98763
80.22745
87.2171
81.77429
74.94395
96.4
73.58057
76.302826
81.86324
85.928535
74.166214
103.07379
83.78883
73.43633
73.61479
78.963585
71.78658
82.0225
93.6437
70.5514
82.591515
91.22272
79.795525
73.32197
82.97712
83.97993
85.034424
86.82064
63.449047
81.77535
93.146095
86.20092
74.8906
84.424324
77.08207
75.0737
84.07874
91.26244
81.13717
80.28097
77.02803
81.763405
83.12322
80.75201
79.05789
77.81304
80.47545
72.74835
84.386246
72.50346
89.079956
80.638794
88.19958
92.9437
71.87376
80.381004
82.35242
64.12778
78.87937
98.40454
73.22749
76.21441
87.93731
78.14176
93.67908
62.745506
88.716
93.42065
76.312546
87.45504
88.461754
88.74423
78.28599
83.21558
81.87194
87.980286
85.77204
81.00533
80.2959
62.313923
82.99774
76.96068
90.197685
60.694717
89.288666
77.22931
79.34325
78.021164
63.0698
85.180374
81.78848
90.387375
81.006325
95.32689
72.15981
84.33572
103.94839
81.085
77.62753
84.63201
97.70128
77.72757
86.944176
77.05844
77.609535
89.62791
86.92834
87.79511
87.513084
76.39137
66.1335
77.34898
86.2661
76.62297
68.848656
75.36916
79.68266
76.53442
93.62833
79.73588
85.97267
80.67691
85.00575
100.389404
86.121185
79.835686
83.93542
80.10857
66.84349
74.2607
87.35461
76.547134
82.9399
94.755486
85.25607
85.568016
83.293076
85.02582
83.92977
90.963615
84.3241
91.99738
90.71182
81.25197
87.082825
98.390816
76.838394
71.911
73.93976
75.770294
77.53149
90.72938
93.20012
71.84164
75.688644
85.842
101.36863
66.03766
82.18466
93.784195
82.15675
79.3782
90.80765
85.35827
91.48399
82.977875
91.09378
81.18432
86.2123
82.94272
83.31475
75.099625
74.47719
83.25384
86.47224
79.72432
81.305855
74.61571
98.20945
74.80401
88.5759
88.314766
90.212
83.16771
69.445404
87.58368
94.24885
89.21772
80.45881
78.63707
78.29853
81.793526
89.87884
95.31959
76.684235
79.62386
78.58363
94.65735
85.2875
77.56075
77.8015
76.76934
85.91697
82.567024
88.60458
79.9929
78.39132
82.609985
82.375496
82.71359
83.414894
66.29955
86.806335
87.037155
75.45336
63.000954
80.00363
82.15059
80.47859
77.668396
75.27779
81.22249
84.393005
93.499596
91.00702
92.23399
74.3289
79.892075
90.97556
90.656715
80.831406
91.57475
73.43602
89.54193
71.807556
79.279884
91.86494
80.60466
81.73346
88.9318
91.97545
75.565704
86.96164
78.89779
91.1639
78.268036
85.5618
75.80378
81.963165
66.456375
77.96619
75.319435
83.0825
91.65336
79.08628
78.14816
85.75332
82.68127
83.97824
68.126144
81.07703
74.27986
79.21134
95.822784
68.56381
79.422325
78.9926
105.142876
81.30163
72.24232
86.05419
82.084724
82.03584
85.599945
75.81921
92.21837
78.71876
84.347275
82.37582
69.66937
84.13797
72.29548
85.350464
84.1242
91.83302
71.88829
83.81373
84.83458
67.18763
84.750206
86.45884
91.03987
78.520004
87.128174
87.21215
75.95587
104.3875
91.695076
83.41418
79.034874
68.04952
91.60684
68.984856
84.25344
84.32244
79.582985
82.31662
77.643974
72.22764
89.08697
84.177246
76.083885
83.44462
86.43582
81.725945
77.51573
81.002495
87.49287
85.47563
76.44225
83.32056
72.04357
80.99259
83.04116
86.258575
96.22319
77.83088
83.932175
78.04945
86.17135
79.56565
93.01924
86.10193
70.33051
90.43376
90.59777
93.17431
85.039734
87.57355
91.51625
92.36097
89.65232
85.33904
93.454735
85.921265
90.57445
75.069595
68.07374
89.46126
80.062035
76.246666
83.903755
72.83736
75.628525
89.88013
83.64528
77.610374
73.02349
89.480804
73.04672
84.40872
76.799774
79.67436
77.06835
86.92256
82.424706
79.438126
87.23859
90.15912
73.7135
90.72588
84.39102
89.05141
78.770355
85.110344
78.48925
88.168396
98.73909
82.04328
91.785065
76.45457
84.70128
78.76367
78.31685
73.15294
94.13574
93.0712
84.38562
85.428635
88.60436
84.08953
85.72679
70.539116
77.02748
78.1178
77.41964
90.802704
85.91168
68.96195
83.692314
78.42841
81.906586
89.74056
83.54283
78.89322
78.5405
87.94542
88.81821
74.48985
73.2555
82.742516
83.21013
80.31148
91.382645
79.00764
85.85539
90.119705
82.924515
64.8878
78.30812
87.57775
93.09525
89.09266
76.66283
85.73896
85.88257
82.455826
78.898506
88.16572
86.92566
77.44361
83.028244
85.162445
89.28073
89.42301
59.202427
87.65381
82.51246
78.05753
80.60362
74.745674
70.92526
84.59962
78.27575
72.6301
77.757996
82.40931
76.78534
84.0152
83.18513
89.650276
79.126595
77.63837
84.48052
71.30991
78.78174
85.71275
73.861855
84.27545
72.137886
85.816444
68.65164
92.70052
91.1253
100.882835
93.44013
83.72057
91.37787
93.797356
83.646835
78.97225
76.24914
82.8949
74.95585
81.24282
98.62106
86.289055
87.3197
85.51385
90.67443
77.836586
79.38804
72.06799
64.33781
71.42124
83.017624
85.67359
86.08241
75.641884
90.54318
82.58301
83.93749
79.78959
75.07162
71.277695
81.52449
90.039185
87.2493
89.11644
67.07537
95.37035
90.46137
86.57355
88.80252
77.29009
80.29199
74.11095
75.67612
82.65067
84.64673
79.23828
90.849915
79.90223
78.190155
89.3716
86.810524
84.97331
79.14983
80.6764
77.13643
88.346436
92.27354
82.652885
79.94945
70.59854
76.69164
83.137726
71.22637
77.328964
77.913475
76.18518
82.447716
88.70386
90.145134
82.28585
90.33269
89.91454
79.71633
86.58941
89.13611
73.27768
84.94018
61.769184
80.128296
80.70524
84.439766
87.67391
78.79404
73.20985
79.1438
86.37427
83.87466
70.48724
75.75312
86.63957
94.26041
81.955505
80.13479
76.90824
60.36838
94.38771
87.774
76.40861
87.73641
90.00873
78.42096
74.717255
101.17644
79.22675
81.76132
83.98839
88.31912
85.13705
86.7965
63.56671
76.51025
75.37718
88.197205
76.46357
76.63647
74.862526
73.60135
86.74479
81.96137
84.94488
93.64528
83.40247
89.28235
91.85838
91.3801
85.86874
82.78503
67.66149
88.30169
85.23443
81.2969
73.507835
75.395805
76.77797
82.99887
91.35769
88.047066
80.77181
88.43875
77.13223
71.08186
76.95411
79.878426
66.43331
103.74044
80.1197
93.083374
75.228455
83.22134
86.93415
83.28709
94.41094
53.67423
95.60408
97.28185
75.36984
94.40332
76.56812
82.147804
75.040634
77.3978
87.415184
87.69204
93.005394
67.09796
73.04963
86.21673
73.98453
77.05482
84.3324
83.331955
79.07333
78.32926
76.54002
89.03538
86.799736
77.93795
62.968452
88.47822
90.1495
79.52632
86.926025
80.46003
84.88729
77.632935
95.08953
97.037544
81.14815
76.13455
74.550865
77.05984
68.94912
89.67931
64.043816
79.33844
99.44167
86.64108
79.20906
68.07939
80.682655
82.357086
83.61106
98.325775
87.37549
79.1386
81.72334
71.93132
72.86211
88.13881
53.354073
78.48575
82.30204
81.44918
87.46767
85.90469
82.39691
85.48295
92.89037
77.852875
93.4769
83.27819
92.687164
91.96458
84.54667
93.04299
81.33392
79.70401
97.147095
70.64741
74.03017
95.31206
86.22069
70.00413
89.73213
74.07768
84.39539
86.37642
71.45757
79.40474
80.846275
73.28929
78.20095
92.25335
94.13244
69.50554
81.893845
88.77478
60.00513
84.52967
87.023735
84.38953
80.91544
78.83748
86.52146
85.92231
83.68722
76.20753
86.332085
80.74481
71.00619
82.593056
80.058624
72.85573
87.03121
75.99195
72.927826
86.174965
75.48676
62.72363
91.399315
85.72059
91.117676
85.22731
79.46336
81.73759
87.92983
72.78109
85.03464
78.432465
80.333405
79.39439
68.537994
83.84018
80.75218
74.346695
93.504776
92.40745
90.53038
70.24053
84.04956
73.60402
95.23786
76.99481
84.16017
95.88719
98.967255
68.71685
85.55144
63.01366
86.14693
88.42807
80.77026
63.666405
84.4793
87.90759
77.73188
63.195206
84.29312
86.93485
93.5246
84.65369
78.907845
88.38301
99.15374
85.39415
88.96449
69.809784
80.89198
73.17257
86.406105
75.124626
80.53114
77.13868
94.979
92.37415
80.78176
72.48562
76.65649
80.325226
84.09074
75.44307
73.12005
99.93012
93.70972
86.88717
76.19513
85.775604
65.51657
71.97382
76.85693
76.32181
81.58057
80.10025
96.87386
71.5465
95.44336
76.976456
75.05424
78.58509
78.12266
72.20734
104.469154
81.864845
87.571045
69.58967
58.603798
89.147446
73.38968
53.393066
79.41173
80.770836
69.40851
73.132706
82.74593
82.9253
86.65255
84.08597
73.834785
75.00297
84.056435
90.040405
79.524536
78.327576
90.80992
92.20209
76.57106
83.36983
83.07127
82.42097
75.46611
76.60455
92.56458
77.641754
76.06666
87.91781
82.48627
80.95727
90.956665
82.44931
75.38966
87.47368
97.68809
81.52917
78.2038
78.95982
85.175865
85.17486
79.08216
81.74799
86.68061
82.52244
88.66541
76.63608
75.396194
70.1759
81.62583
94.05652
87.8918
89.142624
77.602356
70.078285
79.3313
89.27089
73.36031
68.77457
86.30243
84.03605
82.903534
99.29608
71.392845
65.816505
73.70491
73.39572
80.935646
68.91013
67.88306
65.707954
80.134094
72.05796
79.21766
86.3908
71.986694
84.65788
86.29678
81.629776
87.41186
82.15171
80.847885
83.5993
75.3447
81.544876
76.08867
89.71627
80.28509
75.38566
90.5109
90.32818
78.132866
69.4412
88.3765
89.48892
92.08031
85.68982
81.19174
70.09588
85.1502
72.89286
69.192696
75.20305
89.879555
72.07286
92.15992
83.60956
74.17591
84.302345
81.010284
83.38462
101.174934
85.47164
89.114975
67.63282
69.809204
77.961716
96.12239
89.62632
89.96055
72.69069
85.82311
88.73422
85.07845
98.416725
86.92208
97.23427
90.31744
85.1556
97.373024
80.22511
82.64874
95.662025
78.1121
86.88148
89.9729
81.27248
78.05717
76.54545
85.93614
88.71964
86.60917
78.21661
88.939606
90.552864
83.141235
75.01116
76.504
69.37979
79.922005
68.01873
76.62999
84.42985
64.51466
88.91588
87.33214
79.82878
77.88208
85.172646
98.07735
72.165306
80.77321
69.57365
84.038445
91.60857
70.940636
75.51688
74.5491
78.24927
77.54784
91.00978
91.45975
83.943344
70.879295
82.91788
94.19257
86.20401
80.78715
98.10765
82.30976
82.783905
87.83017
75.19691
68.95198
69.03619
70.02183
93.2011
78.57341
83.150826
90.75609
78.09862
81.15474
77.06579
68.62267
78.16886
78.33528
74.93019
91.60325
59.758522
80.8845
86.64974
77.73881
86.68407
83.84956
84.910225
67.85192
73.30128
86.85416
84.25268
90.12644
83.98162
81.09383
80.03061
82.71147
78.84401
83.86513
91.51307
73.822975
89.32956
84.034904
95.05001
75.90998
83.336586
95.1884
73.25239
92.492676
60.533783
66.771774
73.55058
89.73455
91.29711
85.11033
95.05522
78.35865
73.06022
88.4014
79.11246
82.78885
83.97597
73.73975
91.686
80.34969
83.62137
77.84689
74.624596
79.8326
91.73091
97.26904
80.69452
72.56358
92.9848
67.10086
95.984314
81.800934
79.7549
88.29764
84.00901
81.49325
69.76422
79.28581
66.49316
86.17641
77.656845
82.69595
94.72997
85.58986
66.980804
95.33489
75.87176
87.370255
68.96011
81.540695
74.76427
83.97488
78.784775
69.015724
80.590576
92.458374
97.83281
85.4919
71.66235
90.62699
93.945915
82.98377
86.16026
91.75369
91.820045
87.05515
83.44483
91.46438
78.64723
95.149605
79.07939
91.080605
79.176994
71.45626
88.34756
79.253296
78.047485
72.17966
91.80415
78.525604
91.94862
84.572266
88.143654
73.82343
79.52021
80.019615
78.49144
103.47124
92.92868
83.761505
92.96784
84.02319
85.933334
85.348366
94.92939
85.55771
78.708595
89.16791
71.548965
64.72665
89.04281
77.38979
80.732216
77.37796
68.81157
74.60768
81.908295
94.83903
74.34712
76.47651
80.488335
83.73254
99.98952
90.27892
76.63819
85.926
71.273994
92.55575
80.70551
68.24879
82.67586
90.85458
85.15611
88.13827
80.566246
93.16634
71.58638
80.46815
89.87206
57.58927
68.61001
83.709946
82.789246
88.76516
85.246475
65.75307
63.792053
94.42643
79.470276
91.781044
93.60069
86.7531
74.23922
90.93892
76.77783
88.688286
85.8716
82.27035
76.62815
88.56982
82.97745
81.55464
67.41791
88.37316
89.54183
95.4718
70.12816
72.16613
88.01037
94.19005
75.5568
83.231705
76.23237
74.49723
92.889496
98.44124
87.51624
96.15689
90.10767
88.4158
92.238205
65.18935
93.92821
95.40905
81.06487
59.409355
91.945305
72.51618
78.670074
90.06662
76.80384
75.31121
89.906845
89.6014
83.60092
77.060356
93.3167
85.55138
88.94281
75.559616
78.066986
79.163574
73.487
83.57101
71.42883
94.46474
82.6502
69.170784
87.221565
74.55423
87.122
81.86475
84.472984
82.24015
91.485855
88.25229
87.01071
77.21537
87.22938
84.062195
98.63639
80.031235
77.60989
82.711
81.501175
82.82687
82.49238
84.74955
77.68396
85.149925
83.88072
79.8265
94.38544
93.38165
76.436104
74.99966
80.996284
87.82908
78.48736
72.36463
92.4955
96.45596
98.182396
72.94036
75.45274
84.80056
84.47953
85.231255
69.040955
89.880035
84.72522
91.92982
68.120834
70.32817
85.126465
94.367615
87.071754
59.78921
96.63762
76.72821
76.264626
97.129395
81.10147
78.47906
76.28743
87.84018
84.61544
90.41456
88.474205
79.66276
100.67609
82.370575
67.06215
89.1124
92.98519
81.03816
77.122215
80.37339
77.698944
86.26178
83.39384
84.96883
68.73284
78.835106
76.53704
79.1273
79.32789
86.41879
82.57151
74.41842
79.17979
82.25123
85.540695
72.689575
78.513176
86.82358
80.37709
85.7676
81.40435
96.57462
84.81264
71.92077
79.66222
96.68685
86.73742
89.74625
83.94617
95.81855
92.51286
94.7751
84.236664
91.10458
90.74052
79.40678
87.93602
86.09986
82.63922
84.824066
75.93675
87.395584
87.82226
82.05953
78.8793
85.58982
75.00611
81.200226
85.65631
63.935036
79.217674
98.19634
80.471146
67.55271
81.97579
71.649315
91.28075
84.12135
79.94651
96.26372
78.18708
88.69644
72.11873
82.800385
77.80626
94.07492
76.562256
85.401886
86.656265
82.061966
92.56471
90.50473
90.25716
93.79168
82.507996
87.456116
81.82596
91.14729
69.64058
78.002335
76.29267
112.21383
76.18553
80.562904
82.51826
85.46496
80.3131
78.41701
71.48159
91.25623
81.41706
82.46658
82.403824
66.97973
83.11919
87.73427
85.52899
86.16909
81.411606
90.46298
86.86059
77.566124
98.32424
91.73774
86.22408
90.29755
84.63362
89.60318
77.58717
79.21843
99.28579
84.03971
81.042046
82.701256
102.47823
87.29267
64.723045
82.6604
88.931114
95.080795
83.30841
75.83469
87.67669
74.84156
88.26067
94.373665
89.67823
77.31333
75.3048
87.59369
70.49067
85.08382
83.30897
89.67254
68.68106
72.10452
68.4694
86.07347
82.45057
89.185425
77.83858
85.64993
74.406
91.304565
86.161
88.96652
93.40605
81.71403
80.39846
90.374596
89.77679
79.84891
73.55836
74.878296
79.971245
75.58237
77.18157
96.441795
73.26825
83.258965
79.2417
73.19195
79.87403
70.15533
83.20712
81.97336
90.91038
60.005978
94.508354
83.68628
78.91515
85.63822
92.47119
83.956345
82.38038
100.53252
79.87059
82.288704
84.35513
80.63844
89.73704
83.34434
79.81692
94.211845
90.158585
87.18041
87.37934
92.114815
85.66136
73.56598
75.53916
86.78544
80.71822
84.76364
74.56204
84.959526
65.85984
74.333015
86.73416
75.89689
79.74938
91.61731
72.66484
78.01025
67.20823
83.59611
63.50129
78.90115
79.88142
91.01494
84.25348
73.38178
89.305855
72.75577
86.333374
94.39692
83.736176
82.17258
85.13496
99.51069
82.9047
65.973
73.346985
73.27016
73.46218
73.95416
81.38954
78.32937
96.24966
71.333405
84.91243
80.22429
78.88549
98.75786
81.4025
79.36853
80.04673
85.77643
90.058685
88.27905
74.02566
95.44236
93.74954
82.48177
74.41498
87.92346
84.76692
86.35891
81.25324
85.9212
73.83963
83.08166
86.80772
71.59505
84.53635
85.534515
88.009735
64.328354
75.114716
86.00603
80.6582
80.251
91.39604
86.062164
78.36247
77.06203
71.66777
74.384056
85.12447
83.58079
82.62943
69.722244
78.88454
89.63358
74.19448
91.15406
84.490685
92.562935
80.03882
76.96633
72.40913
85.61611
78.53345
79.71134
70.087975
86.25088
70.7062
78.89624
91.6698
55.786682
80.18195
89.42907
76.32666
87.35909
91.032196
76.815384
78.81019
73.58635
81.672066
97.41663
100.91345
90.36165
95.334984
78.9028
85.048584
83.15196
83.35861
78.95879
76.682175
77.95115
82.923676
101.37515
84.64118
88.2731
92.12204
78.53599
71.02026
81.055695
71.56509
79.54965
79.8437
84.55948
74.33432
72.92516
83.66948
87.07879
65.0539
80.71905
73.68935
88.57426
84.86715
74.787186
71.81922
100.74676
93.90286
74.04401
77.48498
86.296974
84.734634
66.66233
74.455376
84.74368
73.78898
77.79772
75.71398
77.62562
76.73116
61.909195
83.47808
95.12315
95.17601
85.46382
87.16998
82.15821
85.41819
81.23988
80.3153
69.94004
86.83792
81.93339
65.79109
97.06446
91.682686
90.043495
85.76243
85.36757
89.94822
82.193565
99.477325
67.72227
97.78661
86.27285
84.00932
91.03523
74.861115
80.15145
80.03862
89.32642
80.69664
78.81945
92.58892
86.253586
86.23616
78.4852
91.35247
87.79681
76.63165
69.707985
81.17688
81.5567
61.96006
65.75784
84.644455
83.728676
80.09064
83.31485
86.36453
86.10472
76.54594
90.909164
93.76758
69.984825
80.23819
78.59328
84.185425
80.68976
86.90455
80.5344
80.071106
83.18942
69.77659
90.29561
84.31014
76.49737
96.44151
96.90311
91.24871
77.88771
80.50497
77.48635
71.43715
74.04724
84.5407
94.491035
90.59491
76.55698
92.32136
71.430466
68.55652
81.991005
97.89628
71.61668
81.94676
70.94618
80.47877
80.29257
79.213684
89.77187
79.64649
80.619675
88.076866
87.03395
79.88491
68.725395
79.12413
87.53848
67.9174
86.18287
77.458405
66.40081
92.44127
77.73492
88.30211
79.26114
79.022995
91.309166
75.06922
84.05912
93.18944
73.40825
73.082825
85.82376
79.81167
91.91763
79.341484
69.76703
83.71035
83.45943
86.56059
74.88364
80.53637
78.200096
96.09942
76.508675
81.87051
90.074974
92.634476
80.46552
70.19497
77.788345
85.30123
85.67986
78.418465
84.45441
78.632515
84.60828
83.98291
84.77014
78.14038
75.64542
95.108444
75.954506
79.98287
86.93845
73.71111
90.91748
90.54965
85.40789
74.7701
74.50638
70.643135
91.52381
88.02188
67.360794
83.47648
100.84173
94.34283
89.21729
79.714584
83.703384
98.697716
81.166534
83.82423
85.63203
73.29721
82.07968
90.69422
73.910835
98.27904
90.81577
78.97601
87.36872
85.22567
92.60472
93.713554
96.186874
92.30633
70.75543
95.136406
75.30208
86.72317
92.2136
86.772255
87.83786
84.617874
67.02763
82.515015
72.72501
76.13838
75.13728
78.470634
93.16672
84.431786
69.22916
74.976364
74.9619
97.210556
75.427376
85.90398
83.67003
85.55386
86.280556
78.43664
80.410355
85.661415
81.4738
67.06123
89.33325
80.39601
87.69297
96.08507
94.88397
76.91268
95.13561
87.525505
75.86851
83.97351
88.43207
80.86212
84.44362
72.344
84.9669
92.78088
66.20354
78.46144
73.07423
81.0109
74.82772
82.49702
76.42137
83.9904
83.79188
87.27585
87.78939
78.131195
81.7996
85.844315
80.70691
60.53174
82.54633
86.57965
80.51911
73.08798
100.62818
80.63447
79.867485
81.92569
88.6232
78.10723
81.32605
80.44435
86.76678
83.49274
78.459755
88.47002
77.97557
93.04365
93.27797
85.01885
87.33899
76.50515
99.45546
101.67104
72.06424
84.91464
79.37696
82.20078
80.84703
87.42349
78.61606
83.72674
74.61752
78.56197
97.86046
82.798294
81.29478
83.712166
83.663345
75.60643
88.8266
83.110565
80.19109
85.918755
78.71886
81.60908
80.3053
81.66151
79.73889
75.58937
94.050735
89.65685
85.75226
77.77415
94.1994
90.60541
77.479004
64.64718
71.07036
70.0602
77.12804
79.81212
85.4082
65.22341
81.747116
85.46322
84.46988
77.84992
91.670715
84.54563
73.7482
72.4825
91.3058
85.956474
83.338715
83.964
81.09062
87.78819
96.57391
91.55413
79.39237
81.685
84.261734
76.38944
72.37056
87.3082
84.82379
83.81575
82.059044
87.000084
82.49815
82.14893
78.50575
67.0453
88.22489
78.03733
80.295525
85.92001
78.24115
92.37605
78.35694
70.97142
89.08427
89.47361
69.31821
80.4899
88.931854
85.3664
79.02386
69.97178
86.77066
86.50148
81.63421
83.747734
84.63235
56.340004
82.39884
86.67916
84.78854
84.44173
66.07943
83.579185
86.238106
93.3237
88.23615
82.82071
94.755486
73.515015
83.41233
73.496605
88.652435
91.007576
87.1338
82.0345
87.991135
75.65752
82.4732
87.096535
73.991806
74.32327
91.70058
70.07098
84.0446
79.26469
77.97972
77.987274
98.63272
90.09515
85.83502
85.141655
84.60039
79.43814
66.12676
93.60005
93.920746
88.02034
79.93359
87.04694
81.796936
86.89245
86.84402
83.79236
79.437874
67.426796
73.16719
82.35233
59.243973
83.3919
80.07971
61.545067
83.913414
88.87802
81.20393
58.332596
80.17527
70.676056
78.87235
80.620026
82.42257
85.93944
93.038475
92.41759
80.42464
84.82715
82.483345
69.26284
78.42944
89.454895
83.85053
92.71148
84.521614
75.71869
85.79936
85.87743
82.3394
87.963356
83.99276
72.219345
89.748726
87.79023
83.3705
83.49789
88.76179
68.41766
69.827095
88.443146
73.10974
72.84279
98.560196
77.76705
79.3189
79.2517
86.98183
82.39001
83.864876
95.34288
60.74914
73.831375
78.94631
74.99916
81.508606
76.6534
84.9687
87.67679
78.74271
83.67601
72.00076
82.85581
89.82979
89.12111
87.038864
70.2999
94.90264
73.57226
72.916756
90.329865
71.81383
79.75003
67.18506
101.67088
91.73583
88.86783
84.28441
83.26423
73.28702
78.578186
89.71855
77.54482
83.09665
67.950516
86.0542
81.65454
84.18505
96.99427
91.500626
76.08926
88.064125
94.77038
82.51798
82.80957
97.09949
84.16132
81.86806
77.898315
101.227585
74.46664
93.36576
86.86646
77.314125
93.875595
77.11437
80.884315
68.16454
75.017525
91.83075
94.64819
70.88272
53.15083
74.29627
87.505775
83.55854
97.97204
91.082825
68.66879
68.13419
89.93772
82.82512
74.27756
91.53722
86.60258
72.69111
83.44538
79.30156
76.900276
80.7666
71.05601
78.691696
80.09745
71.711464
73.42747
82.308784
71.29279
90.68212
81.83946
82.039154
75.71537
89.06098
68.68768
75.64847
78.60606
71.3249
58.031055
88.430046
58.631145
71.67077
83.14185
85.62557
92.842834
91.637344
91.25862
80.3435
74.09622
87.908844
75.92176
91.72742
92.32721
92.58889
83.24118
93.59744
86.417145
80.92609
73.51721
79.691444
76.45896
82.21424
91.40594
97.190834
79.91783
82.578224
83.65182
78.70854
81.27167
95.347984
91.031166
90.79257
92.07183
84.07479
100.5749
90.63129
75.923645
82.779686
79.51103
81.87979
80.023575
88.092354
84.9222
79.04281
91.14602
79.03041
82.934006
78.46039
69.66133
76.930435
84.87473
79.73488
77.09293
75.77563
95.28481
82.705894
87.411156
87.699326
77.58535
83.89936
73.26512
85.27227
79.77405
71.35389
77.37971
69.83573
78.86797
93.851395
85.074844
85.35862
75.40397
91.45267
76.779785
87.44325
82.97559
86.18081
85.876045
89.89734
72.64493
79.219765
64.3831
77.24569
76.08077
78.64538
84.854706
77.27634
81.89486
82.302025
69.27995
85.25386
90.03644
75.229355
76.938324
92.26731
86.21257
86.367874
85.520615
96.71673
80.93989
90.75554
78.91263
86.494354
76.996376
76.78151
83.23052
81.89194
88.68763
89.41009
89.52007
85.65551
81.41007
81.665794
82.73742
87.52395
71.843506
76.607056
87.495316
74.7439
82.266266
86.36275
81.02848
66.01277
71.70738
70.26968
80.88894
76.5934
87.25189
83.47073
93.737915
84.220184
87.1221
82.688965
80.536285
74.230644
84.210945
85.96933
75.79361
85.08325
85.886604
81.81362
85.585724
91.65063
86.231926
65.662186
73.54788
78.47824
85.84367
92.89757
89.56092
88.35231
87.76258
89.28896
67.62093
88.96129
82.81707
80.0135
81.14561
70.24879
79.516495
80.07482
83.82555
81.28511
78.978645
80.24024
97.34098
65.952415
77.59343
81.938965
82.394394
73.513054
78.27561
90.33096
81.75899
83.17498
65.049355
66.85731
69.18992
79.30383
75.86282
74.42076
83.551186
80.76996
79.4429
101.5239
73.069336
80.07478
81.59688
78.34672
90.24239
78.2497
92.433586
76.2199
85.3291
103.656
87.485214
87.25263
88.88686
77.73279
80.52395
76.92196
82.46981
85.71304
82.65659
83.542694
82.90035
96.39772
74.98455
79.329155
82.318405
84.597244
79.90914
93.75093
83.50287
82.27387
82.4566
83.23949
86.31526
79.71373
84.60843
69.921394
94.86821
85.96708
81.51054
78.133125
90.74999
88.24642
84.0802
68.86912
71.742325
82.88935
73.8093
87.39649
80.51968
72.248695
65.79904
70.7579
81.53424
82.845375
91.15239
75.08065
90.372894
78.961464
64.25235
91.42889
72.174095
91.5658
94.70446
79.72242
89.32494
93.7989
90.6813
82.232765
69.85599
88.60895
73.74276
79.4803
87.80363
87.20522
91.12298
86.17319
81.339584
82.70638
92.881454
81.5359
80.387344
74.476555
83.41727
63.380474
70.140305
89.83895
89.05986
80.19616
91.94036
78.98403
80.27194
83.310844
71.03426
90.798775
95.87163
88.3128
82.49421
88.35591
82.585625
82.20504
66.59609
87.674965
81.18155
77.755615
87.72175
87.60177
74.89976
84.50109
60.31418
89.48073
83.55797
86.66085
76.08399
82.10777
85.014305
75.89651
75.55066
81.12162
67.01487
87.472946
77.26079
84.56792
102.4483
67.379684
76.3575
80.56938
93.88563
75.74187
86.950905
84.382576
83.39342
88.64919
82.2462
86.03398
85.293686
98.07732
81.776115
84.69677
85.674065
88.077576
93.39884
72.10488
74.591095
76.28246
71.9248
75.03531
70.62773
94.57464
78.87587
84.61249
83.66046
83.53975
72.50626
76.58501
76.856224
74.33065
72.889496
90.77428
86.3502
86.20239
71.42859
88.083626
67.3213
67.29441
92.65688
76.78255
84.446304
86.09578
83.954506
81.4168
97.286476
94.056915
91.83481
89.57388
95.1362
81.144485
97.475685
70.58083
91.89085
84.896484
84.998566
93.97672
85.20769
91.28783
71.360466
77.73232
75.58369
79.98324
91.57892
83.16941
81.14187
77.561165
66.870056
93.76291
89.04422
95.01555
92.41411
80.52555
91.20341
76.61707
82.30085
80.22237
70.22662
88.92647
68.69474
88.93032
81.87741
86.70439
83.82152
77.20907
86.50988
72.10698
88.3484
68.57389
91.97045
77.978905
91.01758
98.30989
88.98554
88.7846
91.080315
71.69812
94.348946
87.18305
75.391624
94.43011
95.75123
85.39443
87.256615
81.229935
94.00678
89.79829
74.38711
81.51659
77.38726
89.924416
83.0945
95.16257
83.83143
86.39862
80.91806
79.87099
76.05923
95.067795
84.74786
79.28221
75.820145
72.114944
81.39995
76.58813
97.51759
93.14051
77.69897
65.83416
83.9413
77.64752
67.84851
86.6384
89.878876
88.7663
99.007286
88.99908
93.55625
75.44673
81.119965
80.92198
86.506256
78.13006
75.18991
78.62899
85.70676
86.66421
86.999954
87.657585
80.228424
74.53846
76.52295
93.38608
83.75667
84.25606
75.62529
87.08691
86.178635
82.284645
87.00512
78.33989
83.0569
83.83357
76.269684
74.71651
80.4315
80.75274
81.933945
82.44094
96.43599
83.539635
74.60841
79.85094
68.745155
83.69506
77.39162
83.83914
87.434395
89.4771
92.76219
83.95364
72.14238
88.41419
69.10888
89.13641
69.59769
86.59006
82.46193
83.685
73.54022
64.58261
77.730415
68.483185
91.02016
71.68562
81.44328
90.50673
83.75085
90.59375
87.31721
82.29253
93.07381
81.51284
84.332504
74.308266
78.44198
80.93319
93.83221
94.66158
90.71003
94.11614
93.64095
79.50277
76.64738
84.6303
79.06244
76.442276
79.30598
89.99298
82.258316
76.17453
89.895134
88.15959
91.29256
79.17238
69.61466
82.665184
71.74029
91.6866
77.20319
81.71122
83.75128
92.68539
80.79346
82.99313
75.27734
89.31703
81.44322
89.61952
80.50684
87.719315
85.98319
91.90915
81.43256
92.76615
81.893036
88.47069
104.95672
72.139786
83.72609
107.52094
88.07237
93.08141
81.82199
88.012665
83.78798
94.94479
79.9616
80.13262
77.29144
95.17891
95.761055
75.54488
89.66279
76.55951
90.51888
88.27195
72.82326
87.22165
76.43086
80.07489
98.206894
75.19452
77.92726
91.64814
75.04962
70.338615
86.682434
81.22215
89.93525
71.37337
77.595856
93.353905
74.94598
84.01154
81.93134
95.29244
85.68548
81.223495
79.341896
79.384415
80.609665
82.09537
74.771385
84.16126
94.089005
91.137184
89.85785
66.64124
87.660255
77.88538
74.49051
77.59956
82.753746
74.71858
84.88794
90.038666
86.33023
88.163994
100.43548
68.677246
92.96327
68.56517
90.80207
63.372246
75.09003
75.967285
88.61704
92.00436
87.15553
85.900505
85.49309
80.66078
84.44726
80.69381
87.71452
75.36914
86.1361
85.60672
84.54364
78.03209
76.09035
81.03171
87.615524
88.44588
88.91771
93.71822
67.71824
83.01645
90.51063
90.68659
83.16284
91.22894
64.93657
75.27812
92.44272
84.02981
81.55907
88.89559
83.276344
88.0813
80.354294
90.10353
78.78275
69.12454
99.65822
77.08823
85.55731
91.31536
81.43794
85.30248
78.27043
78.54974
85.95294
87.27062
87.15606
91.16409
93.54845
89.09635
69.042435
81.52766
79.85992
67.59588
81.11516
78.13492
76.72851
85.764984
81.66741
84.46461
83.50903
86.66988
83.05944
74.75024
93.893265
88.191765
74.34772
85.16517
82.32846
87.68264
73.7988
81.296234
76.8921
66.743
67.21452
90.57556
81.600044
84.519104
80.53202
74.117226
63.070023
73.8308
62.692703
84.959145
89.94304
87.71103
85.549126
80.92457
85.60932
96.52523
83.63452
73.68957
76.69864
74.16443
86.33834
74.92218
76.94038
85.71973
76.55909
83.75853
90.760315
85.5201
89.456276
84.04463
71.39183
85.52039
90.992615
72.67208
70.46125
93.36638
50.734352
82.85285
87.1721
96.37958
76.97414
80.62144
86.14677
80.84741
85.57784
89.448105
84.36064
78.15477
78.21569
76.16969
79.68905
89.731255
84.21152
67.5758
84.54232
88.95176
81.48732
86.38783
81.882256
65.72118
82.43985
71.962074
78.90392
82.072105
83.69066
76.134346
82.78082
87.46647
80.63044
98.486595
74.030396
98.54982
86.978325
93.2975
91.27301
85.052
79.541756
85.28605
83.37754
84.313995
80.69672
67.80819
83.07657
89.235016
76.62437
77.07573
74.9871
93.82921
87.96271
84.834694
78.79693
79.02645
74.323235
73.17997
72.15787
81.1017
72.42507
79.70288
84.20945
92.69329
91.246506
81.541565
85.63715
68.89886
69.79366
89.54753
87.693924
93.26609
87.75777
86.55383
81.70442
69.572296
81.418274
84.090996
91.52967
62.93298
83.571655
82.56355
68.31798
83.73056
79.68603
83.63542
72.447395
80.73396
77.28785
90.35246
94.649796
78.535866
94.194885
90.52772
70.56899
99.25848
73.30071
87.0408
71.91555
93.62546
81.53249
91.40177
93.84961
100.06582
79.29057
75.97237
85.465866
75.58222
78.776024
92.24801
65.48535
77.18923
92.206024
82.72096
92.62
79.92799
69.72224
86.48367
90.577515
86.275
70.391014
91.495575
80.02651
67.28151
93.9536
79.625854
90.76623
78.3749
88.67418
86.41096
96.086494
68.754456
97.23769
75.433105
59.41455
62.946228
88.34164
95.01616
92.94783
68.081116
81.68031
76.91269
89.04404
91.481125
78.63866
74.10312
81.555
93.187355
71.80098
70.59615
83.95909
89.39219
91.272835
65.83518
92.29128
93.55217
78.26071
75.47515
79.21221
87.95718
76.11767
81.55716
80.5608
84.7555
88.30424
83.58691
83.94805
72.62111
85.49225
96.76935
85.26536
77.08973
80.07678
90.76633
84.72346
84.264885
80.62844
69.83787
72.734535
98.06948
71.54317
86.95112
79.0672
80.616196
80.844475
86.17339
71.62195
88.06637
84.82948
76.99227
80.59585
73.68496
93.6098
101.191895
88.874985
69.05117
83.86092
84.63157
75.68689
92.71956
80.83565
79.17772
86.46275
87.528336
82.75043
88.18023
83.19096
81.97763
72.61262
74.20297
85.97566
93.36192
76.80538
94.32982
95.612625
77.514496
85.479034
79.41538
91.05236
103.80226
99.32635
62.773304
76.717735
93.28952
94.12306
78.450745
86.36311
62.213776
82.69021
70.28401
81.94433
59.28302
80.83007
76.19598
81.57782
79.468216
84.957115
71.883896
80.65691
82.01419
94.31856
80.32431
84.77101
86.90352
81.286125
76.49192
78.797844
81.919
97.77486
81.21305
80.64496
81.19178
66.28162
72.55137
84.86911
79.78762
85.31123
93.33195
78.784546
84.17995
68.81506
69.59073
78.80381
97.722374
82.00009
88.369446
90.4696
90.70335
78.78802
78.6322
80.02106
82.74131
89.839066
81.983376
80.397
90.56788
59.684288
76.59699
60.4709
83.38087
93.7259
63.25048
77.576935
84.49699
90.94938
77.773315
65.86693
78.3001
70.71694
74.807594
90.35014
78.38726
67.687645
84.74902
74.11788
88.13258
85.87078
80.682526
72.14014
81.60957
80.912895
76.96771
97.33944
88.14746
85.54372
78.9809
74.19095
87.46587
89.308876
95.12733
79.6441
87.28375
86.9243
83.15056
98.71338
85.97712
61.711815
86.127426
82.88404
101.630844
78.9912
82.562645
76.02344
76.48376
83.20545
78.038246
73.20019
80.198875
97.699
80.63157
79.92625
87.99538
82.04776
97.32864
83.2256
80.0248
73.980034
60.626385
89.008415
87.23861
82.85502
80.152695
86.409966
86.58062
79.74274
86.398094
78.01584
85.98064
78.265915
78.12498
78.83621
92.48699
91.11983
79.00922
79.69262
84.2267
83.59358
71.73906
80.23118
75.83837
74.09595
76.78458
88.429
96.064125
81.20896
91.116135
77.36986
77.56622
77.40943
84.34392
92.24137
86.67579
78.03272
79.005264
87.89905
92.61861
80.594536
72.41286
57.74159
59.687683
99.53582
86.99749
82.72367
85.526375
69.334755
79.51507
95.43117
90.964966
76.577774
80.22565
87.74124
90.6582
77.99504
74.39225
93.40114
99.11335
94.75866
82.31808
80.20734
86.059044
63.580482
91.33936
77.89426
88.520226
80.59256
78.52207
95.35731
81.159584
86.638756
76.00271
82.14307
83.109695
91.128
94.03328
86.39363
81.91851
90.14704
81.25114
69.26359
84.5031
82.022606
62.26753
79.541626
91.4433
85.48303
71.057205
73.79342
91.96737
81.02609
76.665
75.82049
83.27912
82.64895
84.895966
82.06085
97.46884
90.91435
70.19814
78.14896
86.24071
79.738434
78.9884
73.20216
77.42462
78.983734
85.16269
83.07723
76.25452
78.41516
92.70483
77.82607
69.970085
101.32915
93.73108
86.141266
80.40887
84.436554
77.94303
80.25989
80.41089
89.905876
65.85316
73.758965
82.37805
76.63361
78.491394
97.090645
77.518135
71.8713
85.0991
95.55668
69.207535
78.380394
83.72139
90.95832
87.52768
90.39614
82.23818
85.780685
73.70546
84.908745
87.63672
80.89245
88.21428
83.38402
94.712204
78.297195
85.552925
77.41224
78.43368
83.673195
92.094505
73.07801
83.58682
70.70199
87.78145
85.11605
78.8257
86.51566
83.37345
69.40881
92.89338
78.36356
82.87368
86.5007
79.0221
86.692535
81.61683
90.727646
88.440186
84.015175
69.89272
73.69107
86.00375
78.051125
78.72809
81.2619
93.46136
83.50997
87.53639
83.92245
82.97697
73.60658
94.45821
84.87319
64.185585
84.55814
83.39436
89.38142
75.22745
94.14199
85.15835
84.64386
79.41872
77.27134
87.25623
82.48775
77.30816
84.69087
79.54262
78.82459
81.69684
63.25088
84.849014
83.09936
89.924515
68.51105
102.92348
91.8253
88.20099
69.48383
86.67826
89.399216
91.52806
93.48407
78.58462
70.695465
86.57591
73.36292
84.26776
73.60934
74.921265
93.65138
88.658035
79.17451
74.626366
80.49035
87.55143
90.89726
92.8674
90.02473
87.40633
76.30691
63.14373
75.4484
81.24267
84.31671
103.30865
92.47142
72.42606
85.47342
84.77449
72.09664
93.199455
72.241844
90.90919
93.51504
82.49471
75.270706
79.849525
97.94363
82.40907
79.39458
93.12741
86.67334
95.77267
91.727104
84.85525
80.29527
75.210304
85.253235
85.42791
93.903206
79.848045
93.94255
76.97043
74.97954
83.127594
84.01723
88.07842
81.06668
88.74229
74.43405
62.878407
84.070435
78.32646
86.46721
79.718094
82.125275
81.8352
88.41525
92.44734
84.76262
94.27859
87.33675
87.69534
74.95703
85.19485
85.920166
95.59972
89.2117
71.584206
83.38768
76.46988
79.47654
90.080696
73.1461
72.744415
91.55989
84.155045
77.169624
83.2077
83.38635
80.43534
73.33049
86.86779
78.71836
76.63636
93.924446
84.37684
96.41265
90.7919
92.11481
66.68699
81.626366
68.09866
79.73891
84.038704
69.36167
80.65343
82.3357
67.94447
88.35273
79.314995
79.03386
81.07565
87.163025
86.19676
77.75219
76.6727
80.8415
81.92672
77.68312
91.22716
87.100365
86.534454
88.5709
90.40022
98.69776
87.15297
87.32961
94.21241
77.321396
67.82909
84.73873
78.48278
64.792465
95.702156
83.762436
93.07638
72.14768
64.061806
100.93288
83.18489
66.82284
67.69146
90.753075
79.0111
80.45368
87.016556
93.40549
81.2689
75.016365
84.35111
78.813446
82.40608
92.01071
96.72998
89.681465
77.95083
79.71282
80.080124
75.54189
89.72791
82.31903
87.57181
82.6663
69.094345
73.05913
90.55408
92.650734
91.52451
78.54266
77.26203
72.85882
82.93033
80.672646
96.80154
84.25817
72.53565
71.130295
85.52148
79.45714
86.21619
61.66591
85.97149
81.17647
83.29408
92.11631
69.84085
82.55118
91.9921
73.45486
90.05198
82.348656
91.70622
89.120255
96.78526
90.19697
79.175514
93.0619
72.91088
86.51968
74.279175
75.43559
77.70802
77.66507
66.52494
80.33062
80.08533
83.00093
90.91195
73.73346
84.67921
90.708626
73.508835
82.779785
79.93771
75.18653
82.84173
75.77363
89.49275
70.9696
85.634514
75.315765
78.997444
80.802864
79.540825
79.051765
86.84606
80.5884
87.97319
97.23378
96.12149
90.9666
81.23055
87.20157
94.447754
88.88265
77.0673
88.871704
69.85196
78.826744
94.996315
78.14791
80.41968
81.539406
82.5859
76.66904
88.572845
75.85912
71.98482
84.64151
89.079666
83.841515
87.93668
77.10593
85.855286
81.095245
88.13605
76.20689
88.46722
96.27038
86.35539
77.79315
80.52803
96.32251
88.64197
87.95628
79.58515
92.26811
76.97464
73.83994
84.65042
63.53062
87.7369
75.34886
68.2498
91.995804
74.967545
74.64813
77.57082
98.31306
70.76622
76.5195
81.25909
93.09928
72.90124
84.97931
87.8994
93.34682
76.30437
81.7904
85.03964
80.970474
78.476585
88.4356
95.61441
90.934296
79.61955
71.26293
84.53434
87.71865
90.62036
79.0835
88.794754
88.47949
85.1957
68.57684
73.91723
84.065735
81.75136
90.84167
86.97431
73.20615
81.07151
88.67677
75.02022
77.28593
82.44219
80.496025
88.40631
77.435265
93.14056
81.068146
85.00951
81.46073
84.29387
85.38965
91.080765
88.09271
79.659386
79.37665
82.17041
85.77295
91.311935
77.76447
80.74326
66.04835
81.02275
82.01367
84.64674
84.91564
89.57549
81.23675
91.32781
92.29556
85.2621
86.5239
70.5752
84.36701
74.45183
75.272644
79.238144
80.51632
86.330574
87.4948
85.770744
76.05817
82.846725
76.32161
106.66284
70.69867
95.64291
86.36025
78.38354
97.1812
66.97663
74.83918
91.65111
75.13263
69.38248
102.92332
92.155624
98.02482
76.69824
57.110897
92.843506
90.50804
87.177635
79.889
84.547905
85.98195
81.51812
92.50912
75.137344
79.25179
86.11907
80.71374
83.204956
88.53423
84.494385
97.138504
88.907074
95.73819
76.41141
73.27233
82.06633
91.8029
75.44903
72.406204
71.84333
84.166885
83.570885
84.18072
69.04851
75.06313
75.79703
86.36585
88.46555
89.540535
84.957405
75.74193
76.25633
77.005295
81.959236
84.86085
74.99471
77.204765
85.03246
92.807076
78.010735
68.96201
68.20295
99.99389
76.93464
87.96276
94.77637
69.28373
85.04156
64.76841
89.11091
83.645096
87.4762
88.122734
97.04928
66.99039
75.54243
79.14398
92.10418
65.30192
84.067665
85.0119
84.11168
63.616547
83.07725
81.028465
87.623474
77.629005
79.1384
83.15407
86.817184
76.66433
89.794586
69.11311
72.76721
92.75579
81.009995
85.38178
87.81037
102.34684
82.006294
77.28699
86.03142
73.366165
76.6965
90.10811
98.492516
71.06907
83.38812
77.11118
84.541885
77.55832
77.74629
81.22832
81.846375
76.21165
89.94492
81.51933
78.258606
82.73332
86.00743
68.07148
83.686966
83.830246
71.98016
71.797585
85.15927
83.2336
77.44233
84.4512
87.15411
94.63595
74.68795
80.883255
80.46065
77.62899
94.208855
86.60392
80.08407
85.49616
74.1212
87.32338
76.804306
70.40768
70.07998
74.98177
75.73611
75.28995
68.07909
91.24476
94.54373
76.861336
90.45793
83.01591
88.624214
83.97906
86.98462
72.768135
75.42127
80.38429
88.9845
90.39192
80.1546
91.790634
78.24166
80.07283
85.77735
80.18232
78.67342
83.70205
88.50356
88.35768
65.25179
81.43794
94.520195
74.65239
77.9301
77.235054
76.75995
67.59717
93.76529
75.68453
86.29121
95.273224
84.546104
93.252625
80.21856
87.828064
82.066376
62.615513
81.308014
81.897995
78.46773
94.13111
92.63186
72.051926
80.688156
80.27307
78.61499
79.3055
90.75159
75.38634
73.62861
67.66673
79.51007
83.11163
95.15171
67.38089
85.66259
90.48471
65.30722
78.932976
89.20192
74.07571
78.12732
74.73694
93.73676
86.121605
82.908936
68.11848
97.40231
82.65411
86.07353
82.14406
88.458595
72.19892
77.09788
85.92225
78.84334
85.8478
84.701866
89.487724
87.58817
81.15227
72.66163
79.6633
83.10005
87.06439
71.51896
77.97822
79.94246
87.32082
74.76629
78.91007
81.71272
81.62852
91.77984
95.04037
101.427444
87.99761
91.13172
91.99108
68.33513
76.990585
79.55689
91.827805
78.49963
78.86687
84.76912
95.15359
82.40746
90.30412
81.7643
86.68436
70.91298
78.2805
79.0508
82.84631
76.00003
70.80742
85.98629
80.787
83.29354
88.3545
54.493423
74.87582
67.21354
88.720856
76.0705
90.25524
76.22194
88.16084
70.17859
76.64028
88.310326
90.79689
78.27569
79.47784
89.30935
74.399635
91.06966
78.40955
83.87875
89.1169
72.60662
95.664734
85.253815
82.85235
92.18529
90.16609
79.30639
92.23555
86.922424
76.28538
86.53962
88.90515
74.71166
85.91147
89.659134
88.3003
89.39271
79.28846
75.26599
87.56309
90.277824
77.29571
92.194305
62.216377
78.87406
84.95763
92.252396
87.71666
89.70008
93.60449
81.81656
87.985275
70.99802
72.38229
89.31454
97.56532
88.58476
82.65021
88.859634
79.67898
79.26596
93.24618
79.51602
89.66234
84.37074
78.13353
99.89796
90.25632
79.87838
87.49043
81.42674
88.73688
86.943016
73.57385
89.21255
92.52462
84.26379
81.47559
72.48398
86.20044
83.77001
84.479935
83.155716
88.32728
87.703575
85.30163
84.19986
80.9277
76.561935
84.807106
81.31162
76.05409
90.47319
84.41102
92.40298
68.26876
84.14669
92.60313
69.76307
72.66407
72.63404
79.41702
84.88458
83.22206
99.69383
87.06135
82.55265
86.831795
90.526054
85.82566
86.00694
85.102325
83.1022
85.343185
74.50319
92.06716
92.426895
74.15981
53.491745
62.28824
94.76629
83.575005
75.304726
89.20892
82.00131
68.57829
91.3435
86.616806
76.129745
85.40045
80.42345
81.59866
84.26679
80.27937
80.094284
77.39525
70.72805
92.743805
89.54326
72.13668
87.52098
83.22084
76.27021
90.37904
81.519684
85.972855
91.92093
80.25927
89.90272
79.2934
85.739685
74.46939
81.85632
80.54279
82.15263
89.706245
76.722206
76.5951
78.56054
75.49217
87.93516
85.114525
82.31105
89.73952
84.53334
77.66646
72.46244
79.576744
73.81774
86.97933
72.207855
76.82377
87.299225
79.57328
84.01064
82.02274
95.0599
83.43274
83.21058
77.30853
81.15873
83.88296
84.40862
69.08416
89.678085
91.31819
84.932465
79.36932
76.83387
85.33756
100.36915
86.09901
83.045364
77.35753
83.075226
87.937614
84.39569
88.25057
66.123024
90.52994
84.44608
90.888885
77.366905
74.57201
92.189354
87.15545
76.6515
82.39375
82.21754
88.542854
77.34812
72.31589
88.81949
79.44535
90.207016
86.29287
92.97428
84.73711
72.98397
84.24286
98.81982
77.85282
83.455505
82.24815
70.96594
90.865395
79.08092
86.75511
82.491295
84.10595
80.248795
89.305145
78.15977
85.487595
66.317345
90.45119
89.12393
81.831764
82.71258
85.04481
78.16539
78.66323
90.46614
92.96498
74.52353
93.56287
84.438416
70.34692
72.433624
83.011826
91.926025
88.316734
75.546
66.18598
63.016563
85.78805
80.65961
72.45832
82.06401
82.37944
83.200485
78.71911
102.26842
79.35814
80.799255
91.428154
66.48252
83.11812
59.82698
87.34008
93.16644
94.79959
87.86141
81.40411
82.883545
84.48149
76.969284
88.90886
71.89398
84.29916
81.35278
105.24038
76.82659
77.508575
98.195915
92.66094
93.23568
95.25834
84.15532
80.49443
88.534096
80.05813
98.6651
68.84964
65.713486
78.21997
85.460556
91.28769
93.41969
87.66872
95.30766
89.10381
93.592415
83.85762
80.5179
91.76383
84.06717
78.28407
80.50749
92.61719
71.22131
81.70434
69.43649
71.53674
86.33649
76.68892
82.74685
85.81097
78.51666
105.270256
76.52197
75.37347
77.96098
83.9563
86.113174
82.25383
76.20256
88.803215
80.43488
79.63547
82.35918
90.21932
77.029495
85.493645
79.780365
82.85617
77.56076
76.03818
80.9356
87.41969
86.25949
72.9892
88.439
76.853516
98.23446
84.02782
71.65661
79.31376
82.40601
80.41878
84.80312
99.18659
77.81034
77.81747
79.731026
84.13381
78.115204
86.047295
83.45954
74.70358
94.88585
93.9102
76.7156
66.22472
100.3291
69.75542
81.915344
94.78523
79.887566
90.91026
92.87312
80.94801
83.71638
73.49203
91.915886
81.526306
73.91237
96.95137
95.55016
78.25272
92.814285
85.502815
70.9733
99.60588
69.04251
76.433754
81.827255
93.635254
93.684425
79.34746
82.207855
83.45642
82.53533
61.355255
82.89512
77.96408
80.26994
79.4169
94.79067
67.608665
81.4914
73.46465
82.53136
83.15976
77.12465
81.56537
81.47246
81.6707
83.171875
83.46471
82.76254
85.5339
89.80675
72.61408
65.46915
94.62593
66.77835
93.16995
80.1708
85.07737
99.607605
87.57891
77.679855
90.51923
93.10518
101.56729
80.270294
68.86372
99.4793
80.515785
83.213806
87.27777
84.23597
90.042496
79.17047
83.62167
84.499626
85.60971
86.42509
73.87299
93.244545
69.81746
68.90199
88.70791
107.989204
81.8365
66.941925
82.12146
79.924034
84.90445
91.4604
90.54185
58.166595
77.17347
77.5286
89.05467
65.98952
87.955734
87.310616
88.72399
82.04777
86.76313
100.02399
90.06268
85.77222
84.863785
64.591934
77.71901
64.94016
71.10317
72.8567
88.58007
84.30221
75.07508
87.62676
83.24924
74.85037
79.48514
79.74344
76.04897
80.266365
93.17207
91.761086
73.90071
96.6977
97.85994
74.768265
87.08589
72.56585
84.93091
86.869286
79.803215
81.17885
76.98121
82.36225
89.48787
72.85827
86.80088
92.693886
77.196205
77.69459
84.99592
87.16248
73.80205
77.288506
77.53193
69.58012
80.81814
96.08853
90.007866
77.40604
87.42125
91.58096
95.89384
79.03538
95.38014
82.379295
59.03279
79.47883
82.83972
80.643776
80.495285
94.334496
81.9743
89.94007
84.97508
83.600395
77.5666
80.68964
84.20157
83.55869
88.81526
87.99438
77.56684
83.82346
88.20087
84.3215
79.76677
89.11542
77.62519
92.96436
84.32598
82.016495
84.66128
94.06446
85.51152
89.898506
77.85645
90.570595
88.903015
75.996155
84.7629
75.00655
76.75855
89.62644
96.54139
88.01744
90.870735
81.76103
88.08609
88.76408
88.61357
84.868546
85.52899
67.1605
83.63921
75.046326
77.390656
90.59213
81.399574
78.17449
82.11316
75.03011
85.15798
86.63511
85.02787
86.69617
94.01022
83.69948
86.74225
89.24183
100.6426
81.64599
80.655846
78.532326
82.168526
82.6612
82.53482
86.42552
90.683426
71.94402
86.85814
72.67415
87.739296
77.36144
86.67925
88.1
69.769936
84.687126
83.79021
73.96526
80.05889
80.768654
73.26146
82.808
82.20097
82.42911
70.814476
90.19831
84.45753
76.36752
82.40266
90.45598
88.7514
90.06594
79.99852
93.17151
81.58109
90.06311
82.27477
85.41319
86.07109
76.413246
75.294815
76.031715
83.072014
87.12821
60.28483
80.445564
85.9281
77.26283
77.857864
73.2349
85.53529
81.17468
95.97965
86.18298
87.75718
87.9127
91.99166
63.897697
81.33714
96.81684
83.18078
86.6576
84.24748
82.09652
81.587234
92.29591
76.12888
72.451126
79.80564
72.14052
77.97272
86.26308
78.249695
86.30909
91.36501
74.04147
79.49839
84.94695
88.45046
87.49995
81.17666
87.062485
79.175415
86.39412
83.742455
78.66742
76.787735
77.05718
92.188286
85.22576
81.37264
86.697296
73.71301
83.07142
95.880196
87.10428
79.89722
86.42857
83.5972
72.653404
79.258545
89.90935
78.81983
100.400475
79.646515
100.78435
85.441284
79.955696
87.334335
95.04858
77.904816
79.775894
86.44949
61.73519
79.56957
83.09286
77.92408
85.54287
76.03207
86.350914
92.355354
90.558586
93.190956
86.75029
78.671715
75.49066
90.964134
78.541725
78.129654
66.0972
80.39755
91.39957
84.4963
76.08444
95.11072
88.69929
100.39977
79.16373
60.16056
74.215546
69.62168
85.77517
78.455284
82.26379
90.27238
75.25153
74.80503
91.407616
69.39765
82.83589
90.70865
68.47598
83.7016
86.170135
74.48739
91.57427
89.21204
76.631805
74.863495
83.27773
92.24722
74.63268
77.95294
84.168625
84.82317
82.760994
70.086914
83.01886
77.01351
78.16093
91.949684
77.23495
84.81074
81.78721
76.385635
85.43371
75.54109
91.17529
79.453384
92.47215
83.004135
81.763885
82.45489
84.571465
71.111336
93.005295
68.47207
70.18839
71.18852
84.257835
92.67441
78.86739
82.79909
80.22288
81.84202
82.38042
80.83982
87.56087
69.01677
84.674324
87.54828
96.01124
94.41674
80.74584
94.120544
93.23807
84.765205
94.41638
83.083305
83.16672
95.67283
98.26175
90.36523
90.712585
86.45483
88.69171
77.75836
85.052315
84.88078
78.07865
67.49334
90.28922
92.88887
79.12265
74.65098
69.864204
83.28591
94.7051
91.12508
79.78885
92.18149
101.01076
78.05482
89.2042
94.81391
87.58347
69.20505
84.62273
79.264244
65.99256
77.40275
89.6585
85.793396
76.98781
84.77849
79.033806
73.56581
70.17151
73.56745
86.77028
88.53825
81.98934
88.54572
83.71118
94.82333
86.68049
86.42632
76.22576
88.5498
76.63379
80.975006
90.43001
87.99258
76.35946
77.19316
84.02626
89.59906
80.67711
81.82285
84.916885
74.00777
88.34286
83.48939
81.11809
85.73973
80.34241
84.62312
82.516914
71.19455
67.29798
85.863045
85.00632
81.81565
79.712585
76.033455
87.96689
80.51029
86.91244
88.578316
73.14775
87.71308
75.92455
80.67598
99.55755
85.55572
81.9232
80.62428
73.70231
71.0542
74.34512
65.507065
78.00096
79.62208
88.69772
85.67311
72.03505
100.454056
79.986946
94.958694
82.9706
84.52985
77.233376
67.93384
83.96884
102.79968
58.45791
75.030426
85.28202
82.13271
90.74401
91.40461
89.39394
81.11774
85.45458
91.78376
86.14072
76.16363
87.96413
79.47797
78.299545
78.98428
75.19377
93.57338
82.01943
78.760216
66.291916
74.474045
71.02799
83.191376
78.024536
71.538605
80.21384
83.964966
83.697754
76.528275
89.650185
77.1388
74.5444
78.87543
88.37223
81.50867
67.06079
81.61972
78.83392
86.21268
80.0823
84.06467
82.39408
89.12169
88.59806
92.49935
95.93347
91.81097
74.58572
86.81857
78.4393
90.34372
86.586555
84.52675
84.90833
70.691864
86.38348
86.2301
76.63171
79.35781
69.21763
85.66376
74.823654
83.48749
72.65974
78.3968
70.604576
72.82141
87.681915
83.43758
81.76474
85.61008
89.14133
81.66498
80.78234
73.30536
97.33006
87.4453
63.287804
74.84219
104.93457
66.75613
85.23748
86.40945
77.322685
80.43826
84.33776
78.57813
70.53894
84.23332
83.34162
96.060776
73.454025
84.3536
84.56632
88.33885
86.40826
91.55951
89.350204
84.028496
77.558044
90.72491
74.094475
77.94048
98.400215
74.593864
66.9024
87.83371
82.5624
85.87118
89.72992
82.1134
80.68567
96.35357
67.36165
86.35562
81.237724
73.44369
74.99323
72.54889
73.98852
89.05147
86.01322
81.478645
85.612946
72.81937
90.20274
75.0104
90.69774
78.120316
82.66561
82.93432
95.34171
90.52356
89.77747
78.936806
79.516655
53.370605
85.85229
83.33778
80.678215
72.85459
88.2261
84.81747
73.47911
101.3067
79.1829
63.22248
74.64838
81.65583
88.86796
71.2505
81.21684
77.54332
75.90353
76.47674
82.00962
74.20897
84.2952
85.24795
85.12311
96.51306
84.016785
82.8045
88.74113
81.413124
83.15044
82.51416
71.502655
84.43429
88.13067
78.98288
98.5607
73.20437
77.776825
91.17669
85.40529
96.40078
75.718155
64.50317
82.38703
89.036285
92.84763
88.035
83.06767
84.16702
86.183014
83.681946
81.38813
94.760635
82.34026
80.2213
75.22018
87.35195
80.0233
90.34805
91.49856
73.17775
83.9415
77.56091
91.94456
84.6079
90.27628
87.96585
89.13892
92.05296
69.639885
91.23371
85.02515
79.246635
87.16792
76.729675
82.377205
91.659325
90.64601
87.04185
84.599106
77.85773
80.5776
85.58188
74.3941
90.4752
85.090324
86.412865
68.64937
80.922386
74.66036
81.63569
76.564354
87.108025
81.70598
70.691
79.068306
77.39417
69.7919
87.12151
76.08161
89.87198
82.13913
85.80576
72.681725
81.28258
72.80769
74.344986
81.44191
94.32268
79.82174
58.459652
84.53403
81.0871
96.52134
92.08378
75.528725
76.24673
79.45497
98.0052
71.5959
85.21725
81.83284
85.119835
91.24428
81.78065
53.19443
90.29954
79.924255
91.05918
58.440956
91.90052
75.77247
84.08097
73.77687
72.821396
65.1485
90.70502
88.38781
91.06392
78.16466
72.45066
88.58271
81.25087
75.73852
68.9568
87.846954
77.54837
71.182396
101.038895
87.61722
83.158554
80.53067
97.26818
79.550476
84.34026
79.752464
88.67184
90.676216
97.37084
78.07818
69.63588
92.34138
84.23639
83.08156
87.225716
91.755455
83.44511
77.02004
81.42839
88.35728
78.62806
74.585724
86.09535
86.60422
81.47705
69.68697
86.56759
76.76784
84.69257
92.377716
66.35228
82.12003
88.064804
86.3484
79.08461
79.17099
79.16969
87.09071
87.29134
81.2707
85.85266
76.76425
86.81523
81.88059
89.70342
84.10054
96.08012
73.173706
83.83204
84.64273
90.04471
91.02994
97.97929
89.431595
77.732925
82.873474
90.9218
86.75677
80.19254
76.090706
87.824715
85.60465
74.0039
73.614
78.51349
97.84187
88.31076
69.11885
76.62815
79.18119
71.59328
90.90819
84.97251
88.25553
83.920685
93.773964
85.74018
84.59848
93.44034
85.43275
73.338295
86.43158
53.336014
92.63027
89.78267
75.84753
91.35687
93.98259
85.8051
87.884315
93.84961
80.08873
72.684906
90.21824
84.12772
82.47773
83.46085
85.149376
79.13639
98.159035
86.02015
70.419106
68.08986
90.77829
86.36932
78.588394
83.3728
86.57056
86.99104
97.374
86.349625
89.06274
88.22988
69.0188
87.448044
74.25868
92.870575
79.96595
89.943535
77.70069
75.50612
77.38797
83.95047
79.7603
86.716324
84.78335
71.89463
78.51091
97.474785
68.08029
80.14744
85.34296
79.08118
78.49738
75.454025
72.83784
82.99736
85.37395
92.52276
82.31068
78.020485
81.147484
84.8741
79.4727
72.374664
89.589386
83.68063
91.48305
80.913246
86.115
84.24026
72.495995
85.08428
77.36931
82.051094
93.90836
68.86333
79.40043
82.94297
72.167305
92.98397
70.33373
70.53081
90.78369
68.717926
89.430695
73.464745
80.41485
80.12791
80.23832
93.66459
92.41619
76.398476
72.9861
90.50956
87.867546
70.85998
79.880424
72.877914
93.51963
83.59735
92.27161
77.34749
77.73561
89.67488
89.40126
81.60523
91.17455
77.376945
96.708534
94.51296
82.14119
78.0063
90.17612
78.42664
93.23179
83.32019
87.06392
80.141525
89.803345
83.531136
83.027054
79.81557
73.878235
95.64925
96.57805
84.55047
93.47217
90.77474
80.936455
89.83533
87.8316
70.48152
78.91425
82.7108
77.82709
79.84833
95.74136
94.86231
81.39674
91.40829
90.11131
84.03068
83.03181
81.092094
71.470055
83.051
85.93019
82.377556
79.83733
84.28544
68.94394
85.51377
94.91721
73.17882
92.0202
80.733864
86.69362
80.70523
84.055176
96.10688
82.63631
88.73922
80.11766
73.1198
69.98427
83.33933
82.5904
80.151596
90.22584
97.86568
74.756905
74.36084
84.09513
93.02612
73.04691
82.07335
72.79918
75.06066
83.27252
87.852646
86.576454
76.4084
67.69042
67.05533
84.06431
85.78114
84.65044
83.87285
80.3175
92.7039
81.58305
85.00488
88.87226
75.870895
84.63449
76.62559
84.58765
86.71271
88.02817
90.18636
88.9794
92.693054
90.22766
75.77091
74.64798
79.08307
73.91441
74.341576
76.80294
89.82846
78.92545
78.83996
91.26868
89.63644
86.781
76.179344
80.42529
90.85601
75.78913
81.63358
86.935616
78.31016
73.074615
82.271576
89.52517
84.814514
76.684326
99.957985
81.743416
73.42601
67.19981
82.66713
86.97979
90.975006
89.669395
97.10291
82.33925
88.33022
91.08006
94.305084
79.92794
77.89356
86.5712
74.28164
73.22978
91.6567
77.87571
89.89648
79.450645
91.723465
91.30601
77.780876
86.468056
65.028885
98.34445
70.70748
69.61034
71.76891
76.23055
74.790886
87.96892
77.18718
81.047585
92.98867
77.89264
80.435165
86.72147
73.374176
98.639275
82.74108
74.897736
90.31634
83.16333
82.22419
70.97646
86.56823
70.49617
82.79494
76.679985
72.871025
70.69006
81.11442
66.602356
60.498215
85.49395
91.555
74.71837
87.227776
67.07873
81.86288
86.904305
82.974075
81.46769
84.919754
90.90213
81.60282
71.9529
79.2627
83.87546
97.66604
85.961586
87.15004
80.70872
84.9742
85.14921
103.12972
75.04724
75.84014
80.310074
92.116
77.9951
96.98935
83.91844
90.5707
86.58127
81.30049
72.4633
83.07263
77.261284
75.24531
92.69721
89.31203
97.02217
70.9004
82.77119
69.37083
87.667625
68.67487
95.23972
71.38952
83.96633
73.85978
88.77571
80.99045
81.17804
84.37847
77.25989
77.99737
94.04853
86.624245
80.3993
72.126366
89.63712
86.57614
71.72998
94.86935
82.53068
81.336464
75.842674
84.279396
88.99091
69.67582
80.46428
89.61063
83.02402
86.24991
80.46594
86.09671
80.92606
58.54013
83.81431
86.33942
64.182884
70.10352
82.48579
75.024994
99.58886
80.02347
89.57748
98.79273
96.741234
82.093216
80.243515
93.996
81.18972
80.92286
95.3688
87.53352
73.26688
86.12826
90.40905
89.7582
83.41983
93.67772
78.539536
82.72955
82.359856
79.318825
72.5961
84.19204
78.81504
89.24035
86.07582
83.83525
79.44954
84.94598
77.21293
80.50046
99.348236
75.700356
86.8323
83.1901
84.4886
85.91434
62.679436
75.17146
87.62201
79.602806
85.05241
98.8774
94.40979
85.70798
79.27002
77.21342
82.30414
75.66735
78.21741
85.94127
84.09025
79.88722
80.81678
71.91231
97.32276
66.91603
83.70787
85.15704
97.694046
82.87544
67.64921
89.84321
84.63227
63.55018
78.604996
75.026115
70.442055
77.2785
94.64755
80.43798
86.69018
81.37846
91.31769
76.848
89.93824
78.112
78.34642
81.69368
82.12814
81.23167
86.41803
85.66901
91.75043
64.77989
89.83086
81.84389
68.66986
90.43437
79.16972
80.14175
68.66741
77.15196
80.69373
70.41741
85.2144
85.02794
82.27424
89.00729
79.55457
83.00819
99.00694
60.52963
70.10356
80.15474
89.16953
79.67108
95.30786
81.90579
82.57479
97.013824
84.47749
78.13
76.531044
86.004814
72.34908
71.87586
77.686935
79.37489
83.67645
74.10209
74.44743
95.49793
81.03638
86.10913
81.65469
85.97792
81.42594
93.01963
79.78345
81.98906
80.43635
77.79034
83.95807
87.09134
92.211464
81.029106
76.76065
84.70054
71.941376
68.661354
82.139885
87.037895
90.80097
63.696346
89.314575
87.72578
78.10652
78.19703
81.23188
88.36508
81.26891
73.75203
70.30551
90.40317
81.944534
93.78154
77.506294
85.5977
94.84992
84.85279
81.58438
78.504074
73.16284
97.72518
88.86713
91.644
70.3416
93.0032
82.32897
88.06226
72.06163
80.8055
97.29343
76.50568
70.03296
90.837105
69.96194
92.57852
75.62574
73.22995
74.08525
79.38908
79.91134
83.09874
88.25701
73.3118
83.82462
76.45944
70.38838
82.3277
83.73819
91.04646
90.570145
76.55219
75.325966
77.82786
82.5569
89.30154
75.75799
75.53252
86.489426
87.748215
80.7354
80.35386
74.64894
80.52277
91.118744
83.12707
78.06032
85.68751
74.64371
78.36829
85.51964
76.092705
75.4361
79.08942
86.76543
74.31511
78.118866
78.321365
71.92588
74.37646
84.37729
79.27292
76.82769
81.83373
84.48368
87.732056
87.01421
85.70384
89.52133
96.08372
84.810875
85.55759
85.42474
83.166725
93.13262
85.66004
94.45307
69.599915
75.561646
68.32182
85.50299
84.94978
83.36586
87.30806
86.39337
74.73062
89.68071
93.09695
93.464905
86.040306
77.25781
82.85195
76.999565
92.92171
67.91199
80.00589
69.042564
89.9666
93.6923
92.00367
93.51425
69.30604
85.76672
99.009224
72.47047
67.74628
85.24185
84.03395
90.40924
87.52844
91.52325
87.015656
94.07871
84.74472
96.074684
86.01205
83.41722
90.19891
87.778824
88.230896
66.24705
88.40253
77.12979
83.62151
99.4154
77.508484
90.549545
85.0167
70.611916
90.14503
78.02644
75.60114
101.67922
78.95803
79.11938
88.30784
87.21377
97.61149
86.891495
76.65269
87.878586
94.99248
83.052505
84.735115
77.61306
81.99348
90.37479
71.33618
85.38985
89.21644
73.30257
81.15062
90.37649
83.39119
82.89948
87.94854
79.926025
89.79035
94.836426
73.934586
76.97676
82.462746
82.01458
80.45305
87.29367
87.32305
88.90794
88.463554
77.70845
77.3741
93.04672
78.38564
74.91435
89.92668
83.46321
79.79049
78.01172
77.22463
97.85856
88.44673
83.36322
92.06441
98.23959
83.89865
94.755295
81.287674
78.90343
84.54375
75.78347
85.37263
92.33084
69.98232
83.24448
71.20395
83.45223
73.14888
86.29015
73.005615
76.02423
89.63136
76.18234
98.6962
67.45384
85.88592
90.48281
91.5199
90.15249
82.368484
85.33673
91.36581
73.74608
89.77499
78.18232
78.53675
75.17043
80.116974
84.39743
92.78605
92.24573
91.6712
77.19297
74.12123
89.12803
89.435135
77.66396
86.88866
68.319244
86.46615
90.997505
67.19407
76.21001
84.940445
78.97019
78.47737
81.344025
76.846375
80.69775
81.57941
83.289505
82.19046
87.63669
64.25482
71.068726
92.97182
87.66108
83.92522
85.15641
75.329185
86.654564
81.04551
85.35896
81.380585
82.266754
86.70113
76.34404
79.58872
90.22227
88.34779
81.89263
92.6497
88.31362
77.502785
88.87881
91.95678
82.630035
79.506256
91.02131
87.72309
95.5818
76.84336
81.878845
86.57167
72.06343
84.29043
92.412346
85.99922
79.21426
61.21543
88.02426
89.55649
80.28696
88.9941
83.70013
87.18574
81.424225
93.82071
85.76676
67.27225
74.453674
84.217224
87.694984
71.122215
96.86757
83.45242
77.122665
86.250374
80.78853
85.0838
77.006134
74.15833
90.20203
80.70297
97.958954
76.791756
75.33563
78.450584
69.322815
83.140884
86.744804
93.0391
90.011185
84.84065
90.338066
77.73154
78.750946
75.981476
79.03555
86.91374
79.23408
79.55201
94.66198
72.185265
70.29102
91.23259
54.830566
82.55622
76.687614
71.78144
88.12403
87.86867
96.719055
68.74601
98.93352
76.40935
84.80277
77.95113
81.036415
90.44065
81.5507
82.00738
80.186134
85.13623
95.78298
78.57779
86.937675
87.211296
94.05242
76.78502
84.83561
65.57556
96.2701
86.87513
76.722206
94.28505
97.59986
75.82661
87.36018
77.29071
83.91855
77.37487
85.68771
96.13227
81.53782
70.08378
63.852684
86.25808
80.105545
89.23583
91.455154
65.17037
85.27943
84.1487
82.65936
87.29421
72.40783
79.4342
80.7987
86.409904
75.73033
63.395283
67.095985
69.51395
83.15163
89.32712
76.01512
89.802345
80.43578
82.01238
98.92916
76.12499
89.585434
83.04356
84.26444
81.73836
79.21178
87.61239
79.905106
87.97729
81.67906
80.87771
65.88927
84.8805
85.6011
85.303215
87.518326
76.969864
72.963356
75.26892
91.94491
84.864136
89.771034
88.55472
93.002266
97.685234
88.56709
83.83785
93.53541
87.56869
79.35432
81.810646
88.85806
84.26324
74.24868
86.604385
90.18033
84.392586
72.999146
78.34601
68.5267
75.77387
78.452095
84.337555
85.46689
81.57162
86.36319
91.08401
77.14645
84.458916
84.24963
84.485855
98.24518
73.166756
78.55197
79.397736
73.92359
88.616844
82.85869
78.30731
87.91556
85.425964
75.75624
81.62454
84.98109
72.02165
83.14602
79.518456
86.92688
90.68396
81.53108
87.24942
94.159294
76.64066
88.60114
91.46119
90.60232
82.27772
95.14389
94.75186
76.22287
83.54988
73.80743
72.02734
87.179474
93.9133
74.53468
87.169716
75.20682
81.65729
73.29315
83.94688
93.66767
83.73901
84.94094
82.55417
65.81672
77.07554
87.26357
78.2893
76.607445
75.185135
83.31981
74.16336
85.03771
80.45417
87.35714
85.31678
83.51439
77.90178
99.66491
79.445656
79.0173
73.28978
82.991486
94.25647
77.88863
79.62634
80.59782
85.80508
68.19224
87.17383
89.93238
84.40724
79.38572
79.60385
78.084435
81.973175
69.67592
70.212364
85.683846
85.91671
81.81419
69.89754
80.54929
60.320976
83.31563
83.31389
91.56338
85.02967
78.78092
73.64092
73.41983
99.42625
92.12273
82.32594
78.82565
76.85745
74.85517
90.865555
90.265205
82.77958
91.59027
90.711334
91.1996
79.40791
83.35199
82.02459
85.98076
83.418236
80.322716
70.35625
79.864914
80.73876
91.36017
61.852776
85.70506
84.67986
92.593
74.68414
81.83228
85.43021
98.34393
84.226845
81.20455
70.00406
97.86345
96.63312
85.52734
89.1455
75.09089
84.543076
92.72229
73.63964
79.53509
72.24233
72.30121
89.78421
92.37064
73.54358
74.41378
79.67059
83.967026
68.068275
66.81826
67.92421
71.06757
58.344128
94.30996
89.95505
88.97758
78.77635
85.461914
80.9247
81.577644
90.238625
84.05886
76.633095
88.03176
93.6743
79.07423
83.98959
83.567024
90.71304
77.30527
78.08546
92.18017
91.25671
74.045074
82.97797
87.52115
69.41064
68.656876
80.797226
85.67082
71.67944
83.464775
76.69501
83.93191
68.684265
82.325386
90.98044
84.64715
88.86332
86.179504
78.78793
75.1904
87.89363
76.2601
92.62185
94.69452
88.03193
66.342384
87.456116
76.66572
86.82353
67.182144
91.51968
91.51482
89.00024
85.063126
89.77078
77.83031
96.6789
94.34699
69.274055
80.462654
67.63316
86.56638
81.519684
74.35226
72.58648
89.3313
70.09854
86.44637
92.806244
79.49619
78.35418
83.3643
77.61646
78.32465
71.58567
79.020035
100.76074
79.59148
81.93499
82.97259
77.28797
80.87656
92.19504
78.07826
77.558945
82.02551
76.129166
85.79787
88.07036
75.63485
73.51731
84.915695
78.90711
95.53321
81.31429
63.152515
68.22979
85.158646
85.7932
85.12472
84.338356
90.17755
84.664825
72.49981
79.35802
70.30674
79.22188
87.96853
83.05757
72.79805
88.25746
74.695435
76.7836
83.62282
82.59766
74.21477
83.51554
79.10307
75.04708
76.4042
90.31662
94.74496
84.746765
92.70538
78.09701
80.92445
90.77752
84.20652
80.96218
80.40036
78.375374
81.74776
84.698715
91.72409
69.488014
74.66742
91.74568
73.42334
74.78997
79.66575
77.489555
85.96479
92.87847
77.94594
82.084595
66.36125
89.697975
71.13843
91.95235
73.79495
90.066666
65.95558
84.29352
90.247574
76.73265
88.81169
82.62242
74.88466
79.20024
79.812614
90.01976
88.53288
78.98159
74.67262
73.582146
84.94396
82.269615
59.41715
86.606575
88.157616
77.860664
95.05755
78.29223
90.02745
74.51349
88.38894
85.874115
63.76632
88.29045
81.393196
79.87079
70.185776
86.17751
71.98712
79.40747
83.09277
78.090454
86.31683
82.89644
70.21965
86.514336
85.0711
88.8871
78.73603
72.323524
77.11705
88.760475
87.01233
65.96794
77.7069
73.47398
85.73892
76.0132
85.55602
83.55993
76.07852
79.66604
84.91193
87.18824
78.93966
84.59537
85.358
75.594894
81.36609
96.70927
91.9378
84.134735
66.27081
84.324745
76.609276
80.237015
73.31233
89.3984
76.357994
74.74545
80.90816
76.93119
90.95162
77.35605
84.129166
85.87846
63.321053
79.50501
90.46394
83.74012
76.03583
79.48383
73.78559
91.8086
75.97438
77.20238
87.92844
92.33535
86.965935
84.24273
74.59362
87.83846
77.39502
80.8348
78.6461
75.230515
84.17545
83.47697
80.24207
78.82446
72.44659
81.33208
88.12323
85.359726
74.84557
87.857895
80.18865
79.54166
94.87351
89.906815
93.70072
80.85593
86.916595
83.99619
81.28671
84.50693
79.33665
79.7491
85.75614
71.48925
65.585655
88.342316
76.4357
85.709785
86.1358
80.32948
96.05727
47.402107
84.14885
84.62968
70.576645
89.0672
82.87695
70.23227
69.18932
67.75906
74.95065
95.13525
97.50189
82.89369
92.60111
90.25222
82.676216
68.90788
74.065475
79.87726
87.96445
92.92695
84.06256
86.54539
77.75528
86.924644
64.96987
76.71582
82.332825
97.63042
83.49767
79.21955
80.95401
78.9996
67.35351
92.35407
72.618126
75.41671
88.45674
76.07745
91.59003
76.92854
86.79068
88.67842
59.375923
97.07088
82.98442
90.55027
68.03175
93.27323
86.369705
81.02507
90.27169
87.11312
91.392105
93.302536
77.261086
84.86008
73.695015
82.828186
80.73976
91.30124
91.16185
81.709076
88.074326
85.84408
77.99747
77.43419
90.3908
84.38053
77.43525
93.15192
88.4583
89.14131
79.24549
72.30926
97.613014
85.53885
99.192116
81.96568
88.16642
86.245636
90.69512
85.395256
80.28063
89.207695
77.168076
72.12964
72.56792
75.91529
77.31097
82.00768
76.487465
74.54646
85.23865
97.389465
87.621445
73.34202
94.014885
93.70126
90.5784
84.47328
82.88134
83.13153
92.09682
92.342674
84.02731
89.27304
91.48667
90.32192
80.23635
78.89556
80.10788
78.81445
58.06597
88.14181
92.92405
94.73631
84.36554
86.189964
79.531746
73.89031
92.69148
79.85979
72.53332
89.271324
82.76212
88.68075
71.03866
88.4887
83.72776
82.54818
85.10443
71.74924
91.94668
82.981384
76.57374
92.382866
66.95303
74.937706
88.9779
69.572205
76.06401
75.145996
86.799095
80.91462
80.58716
76.07989
67.830315
89.10234
84.86225
88.92386
89.49932
86.5255
64.16634
83.31702
88.42614
80.565926
85.40581
80.18436
69.26679
84.46698
70.1263
95.570045
65.839264
81.7674
82.83715
86.83062
79.320984
79.553116
89.15904
76.709496
85.642395
85.858826
77.23817
82.81471
83.8629
92.34571
105.34942
75.32627
73.39744
80.36583
76.729324
83.51594
65.0783
89.31206
78.77648
90.11706
78.05627
90.785446
79.33325
92.227455
74.930595
87.62975
81.643974
86.91854
82.58493
70.24906
92.471596
96.579185
82.87708
88.71081
91.32401
94.27493
81.27307
77.161224
84.95894
53.677032
89.72209
83.33639
84.5347
85.00603
91.47607
80.52056
92.29044
90.85933
74.07997
88.30008
100.72942
61.45649
79.45312
84.54457
85.67293
67.80775
79.80652
78.02327
79.86212
71.106514
81.41602
84.78605
65.74883
82.64802
78.8276
87.25673
96.729294
86.72809
78.92518
87.52369
79.57873
74.15535
75.66446
85.96327
74.385574
87.514984
79.59576
75.92191
70.328064
77.04133
70.153076
90.71026
85.85108
84.24644
81.110985
83.16298
85.14237
82.044266
78.95305
70.34486
81.555664
80.10571
76.104324
81.68075
82.558235
79.677925
90.64785
76.19448
97.98369
95.60274
88.903534
73.44346
82.98395
74.31503
82.349
91.402245
82.40848
74.731735
72.49715
67.541374
93.31154
77.926796
76.83321
80.57351
86.67337
82.877426
79.79213
83.1683
88.453125
74.25007
81.14827
84.60716
76.771645
84.05995
84.98646
77.80306
81.28626
89.955536
77.458046
78.31234
95.56327
95.72126
81.195625
81.18187
78.212524
93.97331
103.53501
83.242325
71.32529
64.383484
78.73531
73.05007
91.790985
86.20462
79.31569
78.38297
73.32036
81.53888
81.46329
80.562645
90.02295
90.28646
83.660835
74.32053
77.68246
81.201225
79.82107
90.48336
72.428474
88.9148
87.71338
95.49187
90.16909
74.10434
89.3258
88.42822
89.26945
86.78161
89.047386
87.98867
88.732285
89.696434
91.242966
76.402626
81.26398
94.123
80.82603
81.84102
87.55819
90.44664
88.57717
90.45776
76.94821
89.40561
82.58708
94.34509
92.08945
85.179985
76.87719
72.36753
80.024414
82.3813
68.97996
76.788605
75.85082
86.201195
74.835945
84.92634
84.19474
83.76889
80.5495
87.626564
78.63272
84.21306
87.68542
86.91505
87.252785
76.4465
90.14585
75.08896
91.35159
82.375404
87.8638
90.33447
74.13048
77.062096
85.321205
85.04107
79.34228
85.97678
69.51097
82.94477
82.84178
83.68486
67.54521
79.84935
74.51648
77.98761
90.7986
72.04715
83.40451
79.24019
98.04869
86.997765
79.86134
81.76719
80.819046
89.70259
83.43118
83.05934
85.502335
86.19583
76.83185
82.18125
90.12539
61.051147
72.88309
85.90882
80.76481
76.02933
83.29671
89.71626
77.396194
69.42135
84.71643
88.72406
73.43052
74.3671
98.108116
81.09325
79.710686
79.344986
87.15879
79.47375
66.40975
83.417015
88.223564
80.39848
94.232956
93.85349
78.44772
78.47812
91.295334
76.64565
82.34033
81.75071
73.51582
90.07566
87.08349
81.708626
83.70085
81.11199
81.89171
79.58605
86.06338
62.759125
87.873184
85.026924
74.86382
88.34175
83.30995
76.8393
91.44943
78.259415
83.966225
83.348045
85.9774
82.90684
72.40181
83.51925
86.77677
87.99868
91.33837
74.3296
85.27372
88.8962
90.09547
72.575905
88.87688
90.82385
77.5731
88.78426
86.12903
88.39715
90.80586
74.555374
88.892204
67.99437
92.548164
78.0335
86.60935
77.75227
89.2931
91.41765
79.022675
70.45205
79.807846
93.51321
92.16351
93.25589
94.018684
83.61684
84.629944
84.18158
86.117546
80.1496
76.83579
94.96562
71.063515
92.06073
87.95855
85.394424
86.74767
82.015236
71.223595
87.10822
82.27346
76.53388
79.1242
75.66841
81.4035
75.368065
89.66498
83.04492
96.10196
98.013405
85.7743
81.56345
82.99012
82.59937
83.570305
75.763626
89.386665
68.5099
68.398766
81.77622
94.61676
88.392044
79.18237
77.19845
88.63411
79.16405
79.89697
67.763565
82.867744
83.5456
72.29198
75.084206
84.61841
90.616066
73.937996
87.110855
93.69473
60.37943
83.19052
75.0447
82.5441
80.14958
84.122574
67.744026
85.62645
80.18575
59.288944
85.841446
86.68842
88.3591
81.09558
74.939705
89.840576
92.605194
79.73169
77.884384
88.05292
61.182083
69.7053
76.71255
81.53118
88.20512
85.00445
69.107765
78.09546
82.871956
72.737114
89.08516
82.10562
77.46728
88.201584
79.25902
86.4221
75.802376
97.5156
89.75086
96.17466
82.39353
76.04151
77.26799
85.41266
63.349743
80.29467
82.46991
66.342476
93.57064
86.84533
82.972084
86.787605
81.55344
78.12667
91.676216
64.54109
86.80409
79.63933
89.93672
81.227806
78.809204
83.506516
84.17099
77.08627
71.99168
74.73626
86.09392
78.95532
90.062294
89.94284
72.63048
77.82877
87.30108
90.44995
86.690636
82.78407
80.21208
91.154625
66.36695
74.36273
79.595474
92.081825
91.015305
78.62813
85.47152
83.99102
85.42186
80.21374
84.95127
75.23133
68.11156
89.30876
80.18877
81.29376
91.87503
98.952095
96.24931
80.68681
84.19368
81.53991
75.80679
79.041916
75.923744
86.85612
91.15695
86.65721
84.96562
86.28383
82.76526
88.20045
80.873276
86.53733
77.95213
84.50505
91.0618
88.07097
69.62335
81.66777
85.59696
91.377014
75.7762
101.90139
71.3296
92.77396
91.8788
94.48688
87.258644
82.782364
74.675224
75.69992
79.3875
86.82771
88.66988
71.284615
87.97083
89.52833
84.29174
84.289986
82.92515
87.20466
59.123085
77.09927
84.27017
70.80823
80.84225
68.82948
83.984146
78.84175
89.777534
93.90347
79.845146
75.79571
70.10742
82.9698
73.3916
82.90246
85.46423
80.61636
88.36729
80.11037
88.39286
73.16106
63.654064
81.21994
89.008125
93.492035
87.28033
82.568924
93.240616
64.95585
76.232056
64.55845
75.735695
74.06804
74.95013
90.86974
70.54302
84.94514
76.71923
69.8386
89.133606
84.23116
81.1082
87.11496
98.99229
71.80874
77.45583
68.42698
79.48282
87.42739
85.44476
94.54176
74.19
68.88222
91.44854
78.27638
74.276215
81.672745
80.29678
86.63505
85.84626
68.27554
87.03381
83.259445
84.434944
90.67343
91.12816
76.67361
86.78989
75.52384
60.41189
66.54073
93.85524
92.79278
97.103584
84.45138
74.64027
88.74835
75.503395
73.57646
87.8457
85.17138
81.21158
91.31518
84.049995
84.22105
86.30631
96.76319
78.35401
88.499565
83.004555
88.664955
87.18028
85.45013
80.67302
96.91127
77.01296
64.70245
76.60324
89.14696
80.90046
88.353485
89.706894
69.99805
82.30255
92.950775
75.680725
79.23957
82.25428
71.145676
73.624626
80.99419
85.224594
83.50555
70.708305
76.372086
91.85144
78.957924
80.175385
85.72148
78.269966
83.41437
78.92239
87.969246
91.904366
74.1836
66.372
83.568855
50.62878
84.63999
87.13858
89.40792
96.9226
86.48822
82.34655
93.70569
68.05454
76.84185
77.24743
85.55922
85.689926
94.808136
88.70451
90.41455
82.407974
88.6822
77.31865
83.377884
74.45782
90.872955
84.443275
81.58321
86.59216
79.15496
93.1889
86.57841
77.9771
79.22554
86.70245
82.866234
90.866554
72.834564
76.368385
87.3878
81.66133
90.64116
77.482925
78.133255
77.15212
86.79202
68.58039
66.02463
74.87803
86.26577
87.62285
75.98922
93.29282
81.972725
83.93594
75.10837
84.002495
89.75084
85.33235
90.29277
90.60204
89.66442
78.67927
84.59502
80.841995
80.197136
81.48192
83.46631
83.00067
76.67503
82.76632
87.41767
92.392746
84.003105
81.210464
72.6582
81.839714
90.40166
75.771904
90.11734
84.3842
79.44242
75.56968
95.50733
84.16171
82.08859
72.31714
80.817924
76.95206
83.00886
80.89336
66.86885
71.78002
88.91785
87.7102
90.973175
94.90099
88.842865
87.55776
91.53662
69.886215
74.78675
82.72076
89.426796
85.65847
79.678215
88.32191
77.400406
84.76109
74.58047
83.51679
84.44612
87.66535
79.09316
98.61192
87.30059
81.5928
79.66151
85.247696
97.00972
83.47365
94.84769
82.42459
71.74096
63.346745
70.01021
78.39586
84.09832
70.68896
89.20559
90.865
74.58579
78.4671
76.92645
85.1414
89.55329
94.976456
93.11998
77.66577
69.54158
94.74612
73.53373
85.90813
78.396126
79.12539
82.0681
70.88941
76.39323
77.211105
79.85312
86.471275
90.87014
95.95168
82.14091
89.69188
83.12572
82.416374
88.69679
95.22074
87.83326
81.72511
73.730545
88.68644
72.97998
56.704266
91.19666
87.45491
91.73563
92.74735
83.763664
91.619606
78.565994
75.86695
84.14973
71.50373
94.34051
79.12699
72.50923
71.45016
83.21716
75.673515
88.31192
84.19274
89.04134
86.70088
84.77183
83.71854
92.3301
89.085556
84.051796
91.15032
83.70371
88.330025
85.684364
90.32717
79.45904
86.61199
69.43969
86.55682
76.981705
94.098076
91.75155
73.986115
88.42662
79.84125
98.20535
65.35925
85.23174
78.79629
84.0086
75.72758
78.48501
87.25063
80.32845
89.958984
77.908325
78.541245
87.66507
81.63258
100.45616
82.18236
77.80846
68.91887
79.49505
86.74834
88.595215
71.91775
94.870316
85.64766
81.48217
72.94786
79.85766
79.73454
71.941345
73.87807
85.41834
70.70365
101.37238
79.92405
73.77161
84.85002
88.490005
93.371414
74.19149
97.26138
84.85406
91.68672
77.23404
87.5874
91.25655
82.381
60.513252
97.75402
93.30801
82.66444
84.15692
77.94323
83.67703
85.32299
95.523315
85.44786
95.84646
80.91597
81.49918
99.24869
87.7871
70.08514
84.64267
91.32554
99.15512
76.286934
73.73776
80.46138
84.022
72.34848
93.98367
76.961
76.41183
76.33541
78.392555
71.34358
86.30857
78.8939
86.85436
89.0241
62.572594
67.75698
87.79362
87.62298
89.314964
77.64341
85.46558
74.99945
84.96796
63.789734
68.695076
88.49172
77.09278
90.15234
76.05506
64.794655
65.55987
77.992195
74.27689
82.41222
92.93855
73.587616
80.65482
89.6881
94.53576
87.04234
82.600655
79.9933
89.74757
87.24595
84.54894
68.366585
86.11528
81.81059
90.781265
73.229164
86.007
88.17164
76.67558
86.44186
89.122215
81.96096
87.751854
78.32427
83.35953
84.42538
79.249016
91.247765
72.697395
85.09573
69.72807
88.649475